0 0.510891 0.495144 0.070994 0.194178
2 0.628169 0.920428 0.409587 0.159144
5 0.792053 0.353722 0.243931 0.181222
7 0.499412 0.385083 0.038975 0.029967
5 0.409769 0.219417 0.069175 0.093856
2 0.306009 0.365050 0.209344 0.119744
2 0.064259 0.407928 0.128519 0.179611
2 0.396572 0.064078 0.101031 0.122978
5 0.110588 0.765533 0.078275 0.187711
1 0.500731 0.508133 0.072688 0.217244
5 0.055975 0.873139 0.078275 0.150478
2 0.958503 0.165428 0.082994 0.153722
2 0.598591 0.149783 0.100119 0.298011
2 0.801713 0.055072 0.206312 0.110144
2 0.233372 0.926861 0.154731 0.144011
2 0.336909 0.610272 0.128944 0.310144
2 0.935737 0.780850 0.120600 0.360033
