1 0.347516 0.384522 0.074581 0.240467
16 0.455322 0.550972 0.029994 0.046167
0 0.502941 0.449811 0.066369 0.275311
4 0.715322 0.505994 0.099231 0.149456
2 0.860069 0.529589 0.140950 0.398911
2 0.733337 0.675111 0.112512 0.130356
2 0.539287 0.657133 0.132738 0.139333
2 0.246638 0.623422 0.113775 0.370822
2 0.347134 0.702644 0.098606 0.192156
2 0.721513 0.209711 0.265775 0.148867
2 0.578609 0.332683 0.107406 0.084144
2 0.313319 0.288806 0.193412 0.207656
5 0.228197 0.090394 0.073744 0.170433
5 0.163147 0.163439 0.111144 0.104878
5 0.078872 0.333394 0.115356 0.178856
11 0.426459 0.432789 0.028044 0.057444
5 0.052547 0.778967 0.100119 0.293956
2 0.416050 0.935111 0.141987 0.122978
2 0.590806 0.909306 0.060075 0.181389
2 0.431581 0.042472 0.113137 0.080900
5 0.782700 0.062250 0.116300 0.124500
2 0.950766 0.113822 0.098469 0.210133
