5 0.657469 0.244078 0.076412 0.178578
14 0.111869 0.173561 0.223738 0.118656
8 0.505803 0.343933 0.045131 0.030911
0 0.496397 0.457394 0.067069 0.254678
11 0.564981 0.552372 0.031800 0.060944
1 0.690678 0.720628 0.073531 0.238478
9 0.783191 0.814250 0.067069 0.116589
2 0.810284 0.329394 0.213769 0.154144
2 0.891622 0.514072 0.216756 0.209100
5 0.845484 0.145639 0.304769 0.180100
5 0.953006 0.029639 0.093988 0.048833
5 0.311916 0.092983 0.033481 0.169411
2 0.268563 0.141500 0.034337 0.283000
2 0.129531 0.813794 0.250962 0.217589
2 0.231525 0.754456 0.133513 0.204400
2 0.102694 0.458672 0.059237 0.099211
2 0.114716 0.306044 0.048931 0.077844
2 0.379138 0.251867 0.043787 0.100733
2 0.530666 0.153267 0.044644 0.100733
2 0.846172 0.027350 0.042069 0.050367
2 0.477022 0.026267 0.067794 0.052533
2 0.955150 0.360683 0.089700 0.097678
