2 0.165562 0.705611 0.185075 0.319578
14 0.107766 0.172556 0.208619 0.149511
11 0.616778 0.558139 0.048669 0.078656
2 0.632572 0.754800 0.245856 0.105600
2 0.734031 0.624433 0.054363 0.170800
2 0.898981 0.524594 0.198788 0.285433
2 0.884234 0.881228 0.090656 0.237544
4 0.567291 0.875467 0.108719 0.134844
2 0.394097 0.729950 0.127681 0.135967
2 0.189066 0.363106 0.198756 0.241367
2 0.538591 0.285750 0.327419 0.140456
2 0.402062 0.327306 0.040450 0.187611
2 0.457369 0.425650 0.089125 0.080900
2 0.808447 0.200706 0.122206 0.294967
