2 0.669691 0.105189 0.082419 0.163000
0 0.567153 0.481839 0.078694 0.214944
4 0.663737 0.486933 0.057237 0.146267
1 0.192778 0.928000 0.078694 0.144000
5 0.864688 0.526589 0.154288 0.495822
1 0.024244 0.214344 0.040175 0.126378
2 0.033500 0.365444 0.067000 0.150178
2 0.438853 0.649067 0.159669 0.163000
2 0.463150 0.792978 0.282263 0.117267
2 0.397222 0.882944 0.082419 0.071444
2 0.242953 0.260622 0.042094 0.163000
2 0.045109 0.943444 0.088406 0.113111
5 0.889716 0.969000 0.159944 0.062000
5 0.843366 0.063556 0.082419 0.127111
2 0.523403 0.154633 0.082419 0.163000
2 0.445091 0.364528 0.082419 0.163011
2 0.202987 0.585228 0.082412 0.150189
