2 0.802463 0.887378 0.035325 0.106756
2 0.840422 0.325439 0.101131 0.069300
2 0.856750 0.081500 0.038975 0.135778
2 0.873866 0.219150 0.043719 0.145144
2 0.871256 0.812206 0.121987 0.139344
5 0.406463 0.569956 0.077362 0.213044
5 0.838559 0.546922 0.096481 0.385111
5 0.654247 0.948217 0.091931 0.100322
5 0.523634 0.512944 0.085556 0.216822
5 0.634678 0.165856 0.080094 0.131067
5 0.323847 0.632689 0.091931 0.087378
2 0.573231 0.932550 0.074588 0.071922
2 0.096831 0.834567 0.111875 0.188778
2 0.131216 0.288844 0.111881 0.194511
2 0.253059 0.045667 0.036869 0.091333
5 0.345450 0.043417 0.138525 0.086833
4 0.708778 0.560722 0.063906 0.165178
0 0.719209 0.455928 0.067069 0.114078
2 0.015125 0.789711 0.030250 0.170422
2 0.098506 0.406267 0.149237 0.049556
2 0.047972 0.345644 0.055619 0.184289
3 0.559275 0.042950 0.071163 0.085900
3 0.200478 0.092517 0.064744 0.100789
2 0.078716 0.678100 0.148669 0.109222
2 0.802425 0.233822 0.113775 0.140778
2 0.487956 0.925567 0.092837 0.139156
2 0.604463 0.533983 0.089200 0.171522
2 0.323656 0.512944 0.088313 0.129444
7 0.700653 0.360506 0.071694 0.060478
9 0.780234 0.808272 0.066369 0.115744
10 0.856931 0.920278 0.064475 0.117311
