14 0.110266 0.185917 0.214906 0.148322
5 0.318537 0.433133 0.262313 0.148333
5 0.773178 0.470411 0.084194 0.202267
7 0.498769 0.333694 0.065838 0.039011
0 0.498219 0.458222 0.059625 0.212644
2 0.610431 0.344472 0.085963 0.353967
2 0.692931 0.434811 0.084950 0.172600
2 0.864350 0.202211 0.072813 0.187422
2 0.947638 0.456767 0.086912 0.060867
5 0.964228 0.581306 0.070581 0.193833
2 0.103656 0.019367 0.075087 0.037756
2 0.227672 0.245228 0.154731 0.217100
2 0.453825 0.665400 0.082700 0.169489
2 0.097731 0.833017 0.195463 0.265011
5 0.164119 0.768872 0.239663 0.117989
5 0.282897 0.917294 0.172769 0.160122
2 0.786453 0.780150 0.093294 0.409922
2 0.880128 0.907583 0.091019 0.157767
