14 0.111544 0.189267 0.218450 0.107867
5 0.317778 0.549100 0.159281 0.186533
5 0.295975 0.717650 0.109350 0.148322
2 0.391731 0.782261 0.077113 0.268567
5 0.493812 0.874411 0.127050 0.212378
2 0.059969 0.630006 0.119938 0.226989
2 0.236872 0.252439 0.032869 0.209011
2 0.174619 0.317617 0.077738 0.148322
4 0.061156 0.069839 0.055625 0.100011
8 0.501081 0.339528 0.055625 0.057300
0 0.504241 0.473811 0.072056 0.224733
11 0.508319 0.487333 0.026825 0.047689
2 0.649684 0.431672 0.106194 0.174167
2 0.770413 0.144006 0.087225 0.203389
5 0.870909 0.167039 0.128944 0.233722
2 0.888366 0.346833 0.223269 0.134844
2 0.559297 0.064222 0.274319 0.113489
2 0.280234 0.031267 0.125781 0.062533
2 0.106097 0.950406 0.051831 0.099189
2 0.640203 0.814850 0.169394 0.223611
5 0.719213 0.618767 0.173187 0.200022
9 0.779894 0.808106 0.097338 0.156189
10 0.857953 0.908678 0.054994 0.114622
2 0.940756 0.874406 0.096713 0.082033
2 0.977172 0.621017 0.045656 0.128100
