0 0.506444 0.442678 0.074275 0.246600
2 0.700306 0.420372 0.134363 0.248589
2 0.834659 0.606756 0.138719 0.225244
2 0.721069 0.891222 0.132163 0.215533
2 0.351347 0.923261 0.159469 0.151456
2 0.231200 0.671800 0.135437 0.277667
2 0.417975 0.157239 0.100487 0.188344
2 0.626591 0.068889 0.139806 0.116511
2 0.839028 0.149472 0.055706 0.176700
5 0.920947 0.157239 0.114681 0.180589
5 0.392850 0.425200 0.141987 0.184467
2 0.562575 0.626267 0.149363 0.139156
2 0.214791 0.083550 0.088381 0.147256
2 0.855247 0.329772 0.166869 0.149678
5 0.857575 0.922278 0.131475 0.152822
2 0.949228 0.929578 0.051831 0.140467
6 0.100884 0.500194 0.117981 0.999611
