7 0.472662 0.358494 0.073575 0.053944
4 0.739656 0.331528 0.056887 0.129456
4 0.471147 0.463672 0.046269 0.078211
0 0.510591 0.456256 0.055369 0.117311
9 0.784984 0.808467 0.071906 0.114889
5 0.851000 0.506283 0.163075 0.107878
2 0.907256 0.686639 0.184562 0.257322
2 0.165069 0.937711 0.221225 0.124578
2 0.158344 0.415939 0.135013 0.145633
2 0.667931 0.149406 0.348600 0.250811
2 0.806525 0.337094 0.076900 0.125478
2 0.768862 0.426050 0.082700 0.048700
2 0.257631 0.112772 0.329187 0.225544
2 0.476078 0.180367 0.256369 0.192822
5 0.401572 0.285028 0.188306 0.092078
5 0.378747 0.356817 0.070669 0.051500
5 0.030691 0.812267 0.060681 0.368578
5 0.150784 0.809456 0.175719 0.122489
5 0.961878 0.057928 0.076244 0.104500
