0 0.502062 0.447506 0.090437 0.279611
1 0.806797 0.773717 0.094369 0.233011
2 0.730119 0.275078 0.142862 0.307578
2 0.649516 0.640906 0.186119 0.265633
2 0.585944 0.921683 0.116650 0.132811
2 0.440462 0.125956 0.190050 0.228356
2 0.248447 0.447506 0.123206 0.135144
2 0.678350 0.059550 0.191363 0.104856
5 0.113081 0.503428 0.226163 0.987967
5 0.867778 0.283494 0.076456 0.242722
5 0.915109 0.152428 0.040044 0.171522
5 0.915109 0.796439 0.162019 0.168278
2 0.911922 0.595794 0.124694 0.233011
5 0.276609 0.894661 0.083431 0.204967
5 0.347147 0.703183 0.048544 0.223833
5 0.432097 0.700483 0.048544 0.099789
