2 0.929559 0.146250 0.140881 0.182033
5 0.878022 0.267917 0.116869 0.122322
5 0.290947 0.268889 0.058981 0.427178
5 0.325897 0.196072 0.292719 0.102922
0 0.510569 0.490778 0.075500 0.234867
9 0.783453 0.812328 0.092794 0.150989
2 0.295094 0.687906 0.069200 0.103456
2 0.731444 0.101550 0.245100 0.203100
2 0.948622 0.438444 0.102756 0.144467
2 0.415572 0.359222 0.195294 0.209711
2 0.221587 0.078444 0.072087 0.114178
2 0.209794 0.313783 0.077325 0.146789
2 0.557525 0.837756 0.095575 0.234622
2 0.142022 0.812678 0.163831 0.278311
2 0.028700 0.736622 0.053700 0.055022
