1 0.611306 0.098589 0.065625 0.197178
2 0.162009 0.961578 0.088969 0.074000
7 0.467009 0.349889 0.062919 0.041311
7 0.482028 0.311100 0.047606 0.038289
0 0.500628 0.435728 0.059744 0.243767
2 0.489369 0.411000 0.113612 0.158444
2 0.399097 0.117850 0.080069 0.191856
2 0.317306 0.361039 0.082863 0.166744
2 0.058075 0.576672 0.116150 0.166744
2 0.628594 0.633850 0.079062 0.166744
2 0.721550 0.409628 0.118150 0.166744
2 0.636875 0.930250 0.091875 0.139500
5 0.731797 0.276067 0.082419 0.086089
5 0.925684 0.459033 0.144231 0.150178
