2 0.516894 0.477267 0.087500 0.389689
2 0.558106 0.623811 0.164038 0.107044
2 0.249378 0.272272 0.087506 0.108789
4 0.932366 0.934400 0.058381 0.114467
1 0.672234 0.956228 0.063531 0.077833
1 0.575653 0.690656 0.248106 0.148044
14 0.113134 0.179367 0.226269 0.175822
2 0.386853 0.874917 0.087506 0.244389
2 0.940725 0.143178 0.117175 0.118756
2 0.954150 0.473544 0.087500 0.392600
2 0.670109 0.391933 0.087506 0.224356
2 0.874575 0.939839 0.058850 0.120322
2 0.892991 0.814628 0.087506 0.126744
2 0.780428 0.779483 0.128519 0.430367
2 0.753469 0.283900 0.118563 0.400200
2 0.296341 0.497411 0.204819 0.339844
2 0.310466 0.107556 0.182194 0.215111
2 0.217972 0.873200 0.098931 0.253600
