4 0.651838 0.475156 0.039812 0.134844
2 0.581356 0.291433 0.357763 0.261822
2 0.716622 0.485833 0.079644 0.228111
2 0.680594 0.600478 0.087225 0.109044
2 0.462956 0.764644 0.373938 0.444978
2 0.653716 0.742394 0.115294 0.168544
2 0.179203 0.257361 0.304919 0.257544
5 0.297150 0.465694 0.191900 0.140233
4 0.101597 0.090878 0.044256 0.041622
2 0.067213 0.035033 0.126925 0.070067
2 0.037722 0.115589 0.075444 0.085844
5 0.447222 0.115144 0.150556 0.092867
2 0.639806 0.054394 0.120150 0.108789
9 0.783116 0.808067 0.088744 0.122711
5 0.790322 0.735922 0.116806 0.258889
2 0.926244 0.826272 0.141838 0.326322
