7 0.538875 0.184289 0.041700 0.052289
7 0.524391 0.228767 0.039944 0.041356
1 0.529438 0.315778 0.061450 0.182600
0 0.502663 0.460922 0.066725 0.216933
5 0.646634 0.372744 0.154506 0.140467
2 0.754722 0.694289 0.114831 0.350222
2 0.920641 0.668067 0.048456 0.129222
2 0.941184 0.463461 0.046356 0.096456
2 0.784481 0.411494 0.052150 0.091767
2 0.925119 0.248089 0.050037 0.094578
2 0.697306 0.243406 0.049513 0.098322
2 0.743659 0.093378 0.151694 0.186756
5 0.894569 0.097322 0.149062 0.188222
14 0.109853 0.179900 0.219706 0.115733
2 0.350866 0.119217 0.505031 0.135967
2 0.278184 0.323706 0.101744 0.156144
2 0.111941 0.323167 0.086594 0.152822
2 0.098097 0.533694 0.092706 0.157322
2 0.273497 0.545867 0.120094 0.170422
2 0.248478 0.781378 0.092181 0.176978
2 0.083350 0.782783 0.094813 0.172300
2 0.432466 0.473300 0.041719 0.103378
2 0.518428 0.634550 0.055619 0.102256
2 0.592066 0.463183 0.039819 0.094389
2 0.385062 0.822206 0.048038 0.091011
5 0.354387 0.430411 0.113688 0.142022
5 0.413644 0.610278 0.073300 0.217711
5 0.452491 0.753078 0.080769 0.094422
5 0.065472 0.626583 0.127731 0.071011
5 0.025531 0.685894 0.046087 0.211478
5 0.050184 0.413161 0.100369 0.110811
6 0.500000 0.961289 1.000000 0.077422
2 0.352078 0.021628 0.147906 0.043256
