2 0.535922 0.298356 0.122119 0.186089
2 0.758159 0.383306 0.079644 0.234633
2 0.610253 0.640183 0.100881 0.225189
2 0.389153 0.519500 0.130456 0.142933
2 0.197253 0.361733 0.115294 0.226533
5 0.194981 0.467583 0.139563 0.200922
5 0.059944 0.857956 0.119887 0.161822
5 0.424800 0.686706 0.135013 0.188789
5 0.378912 0.849861 0.049300 0.132144
2 0.471072 0.864694 0.128944 0.137544
2 0.938244 0.554022 0.123512 0.176644
5 0.946550 0.733289 0.106900 0.176778
2 0.927966 0.268550 0.144069 0.153722
5 0.656828 0.325189 0.119081 0.132156
2 0.642756 0.058767 0.113850 0.117533
2 0.402694 0.054083 0.120675 0.099922
14 0.064931 0.175583 0.129862 0.112367
0 0.503572 0.485183 0.080481 0.209144
2 0.043591 0.677778 0.083006 0.195089
10 0.854100 0.914183 0.077113 0.135967
2 0.108088 0.082617 0.126500 0.153411
