1 0.517059 0.139183 0.057944 0.218189
4 0.455697 0.228611 0.051094 0.142333
2 0.647953 0.350344 0.052144 0.078667
2 0.598437 0.192561 0.041612 0.105811
2 0.745397 0.145739 0.040556 0.092700
2 0.828622 0.300711 0.044769 0.108622
2 0.567359 0.517961 0.043719 0.103011
2 0.571050 0.810128 0.050038 0.104878
2 0.445422 0.695883 0.044244 0.097389
2 0.372734 0.465056 0.044244 0.109556
2 0.314003 0.422450 0.090069 0.172300
2 0.306369 0.653744 0.099025 0.179800
2 0.296094 0.899089 0.091125 0.189156
2 0.145978 0.659833 0.097444 0.182600
2 0.160463 0.417767 0.084275 0.147956
2 0.026241 0.415422 0.052481 0.162000
2 0.048003 0.051633 0.082694 0.101133
14 0.109897 0.183194 0.214906 0.137656
2 0.320722 0.204656 0.077256 0.149044
2 0.380853 0.193728 0.035994 0.085056
5 0.413778 0.316083 0.107981 0.145144
5 0.083250 0.301261 0.160650 0.093633
5 0.095506 0.506167 0.191013 0.074911
5 0.053800 0.594656 0.098500 0.109556
2 0.122853 0.904417 0.103244 0.159189
5 0.414400 0.858533 0.163813 0.235978
5 0.492828 0.530489 0.126419 0.277556
0 0.497256 0.471500 0.068263 0.204511
2 0.801916 0.576000 0.116306 0.307889
5 0.700153 0.257994 0.158019 0.128100
2 0.967203 0.151244 0.046144 0.107867
2 0.977441 0.351828 0.045119 0.117989
2 0.790222 0.042472 0.142219 0.084944
5 0.919166 0.044489 0.115669 0.085400
