7 0.623256 0.163033 0.040238 0.031978
8 0.496600 0.339961 0.068587 0.087789
0 0.492656 0.465833 0.071988 0.189622
1 0.625047 0.241606 0.044994 0.104122
5 0.406287 0.276556 0.099025 0.309956
5 0.358881 0.437617 0.093763 0.205078
5 0.193416 0.327439 0.066369 0.130344
5 0.196587 0.670833 0.108863 0.144356
5 0.286044 0.891367 0.085150 0.217267
4 0.514266 0.963778 0.062681 0.072444
2 0.788706 0.935489 0.086600 0.129022
2 0.810513 0.817594 0.149175 0.104500
2 0.863922 0.885483 0.054994 0.229033
4 0.964741 0.728828 0.065731 0.122478
5 0.958681 0.896011 0.080763 0.207978
2 0.759938 0.639978 0.198050 0.103933
2 0.841581 0.608611 0.041088 0.142333
5 0.852125 0.475478 0.083400 0.111200
2 0.819741 0.280356 0.122619 0.250578
5 0.950156 0.124517 0.097300 0.132656
5 0.890900 0.026322 0.076088 0.052022
5 0.681488 0.147278 0.081575 0.156067
2 0.640519 0.049250 0.069138 0.098500
2 0.480491 0.704122 0.210106 0.222489
2 0.033022 0.984189 0.066044 0.031622
5 0.021034 0.362711 0.035294 0.189156
