16 0.389156 0.853994 0.048650 0.091567
1 0.255725 0.824233 0.060813 0.239111
0 0.503297 0.480467 0.070056 0.210622
4 0.485306 0.237389 0.076550 0.133556
4 0.541825 0.296528 0.055087 0.111922
4 0.423422 0.341044 0.065819 0.114467
9 0.783847 0.813944 0.057831 0.121889
2 0.642916 0.605978 0.080131 0.156444
2 0.481944 0.731894 0.088713 0.174256
2 0.320250 0.614194 0.088712 0.174256
2 0.258006 0.317844 0.088712 0.174244
2 0.634322 0.066028 0.088719 0.125944
2 0.710156 0.310061 0.088713 0.132322
2 0.919375 0.222750 0.054375 0.155167
5 0.480878 0.555117 0.242306 0.195611
5 0.622431 0.346322 0.110025 0.340667
5 0.359106 0.354017 0.097663 0.338456
5 0.482116 0.096872 0.192856 0.184611
2 0.927931 0.557078 0.088713 0.174244
2 0.338709 0.068300 0.066756 0.114289
2 0.794356 0.914622 0.141662 0.160533
2 0.078147 0.127506 0.088719 0.146767
2 0.051531 0.478967 0.088712 0.149844
16 0.214947 0.674661 0.055094 0.073767
