2 0.507069 0.063428 0.142900 0.076056
4 0.953887 0.028989 0.048650 0.057222
2 0.848544 0.035489 0.041338 0.053333
4 0.445819 0.461950 0.051512 0.137100
4 0.337300 0.395289 0.050900 0.149022
2 0.505431 0.178478 0.504250 0.140778
4 0.564594 0.395306 0.058250 0.118122
5 0.817175 0.434950 0.162925 0.139167
5 0.606462 0.686572 0.127425 0.344656
2 0.428975 0.606472 0.078275 0.145633
16 0.242384 0.538511 0.043694 0.055022
2 0.261953 0.599189 0.068269 0.121356
2 0.422603 0.847572 0.083744 0.168278
2 0.431250 0.370228 0.073725 0.129456
2 0.275153 0.375083 0.070994 0.152100
2 0.119962 0.369417 0.073725 0.121367
2 0.141353 0.173628 0.074631 0.144011
5 0.200972 0.688994 0.201156 0.084144
5 0.130431 0.748061 0.167475 0.076056
2 0.564141 0.891261 0.046419 0.077678
2 0.717506 0.362944 0.034588 0.072822
2 0.864503 0.307117 0.046419 0.090611
2 0.951428 0.462461 0.047331 0.093856
2 0.765294 0.529617 0.039137 0.092233
2 0.689747 0.701133 0.040956 0.101933
2 0.933678 0.775567 0.126519 0.331711
2 0.903641 0.143689 0.155644 0.161822
5 0.153641 0.460033 0.219356 0.072822
0 0.506341 0.466506 0.058256 0.221678
2 0.485862 0.348383 0.042775 0.085767
2 0.713866 0.362944 0.047331 0.089000
2 0.256037 0.851617 0.074638 0.173144
2 0.084922 0.862944 0.081919 0.173133
