0 0.505550 0.411672 0.078988 0.276256
14 0.110097 0.176250 0.220194 0.133700
5 0.341194 0.088556 0.107312 0.170933
11 0.384397 0.363811 0.032194 0.056178
1 0.407384 0.340994 0.071256 0.190789
11 0.352203 0.413100 0.026231 0.055111
2 0.760400 0.778983 0.117200 0.155611
2 0.964381 0.541622 0.071213 0.176711
2 0.453309 0.721228 0.123131 0.171433
6 0.500000 0.929578 1.000000 0.139778
2 0.050353 0.543250 0.098756 0.169767
2 0.313575 0.374522 0.084338 0.172911
2 0.723313 0.067406 0.082275 0.134811
2 0.738594 0.436739 0.096375 0.386544
