16 0.703884 0.784683 0.084644 0.171522
1 0.736650 0.561383 0.068263 0.258900
1 0.792172 0.547628 0.062806 0.247567
0 0.501822 0.435167 0.071906 0.226533
2 0.504550 0.650378 0.050063 0.226533
5 0.594206 0.649567 0.127425 0.199022
5 0.872269 0.554094 0.099213 0.276700
5 0.958237 0.592856 0.071088 0.228311
2 0.959162 0.442678 0.081675 0.062133
2 0.738653 0.373739 0.055706 0.126211
5 0.685144 0.230056 0.160538 0.165044
4 0.781797 0.156267 0.083006 0.110689
4 0.948909 0.160150 0.048056 0.099033
2 0.267900 0.546561 0.143088 0.176700
2 0.430644 0.294133 0.121238 0.211644
2 0.542597 0.045611 0.113594 0.091222
2 0.339444 0.874711 0.152913 0.091267
2 0.299028 0.956289 0.061169 0.087422
5 0.086044 0.920367 0.128887 0.159267
2 0.048484 0.649472 0.096969 0.219411
2 0.079613 0.343644 0.159225 0.178644
14 0.108556 0.177628 0.217112 0.122322
2 0.243325 0.060150 0.205338 0.077678
2 0.444841 0.831022 0.306919 0.132044
2 0.533859 0.921317 0.076456 0.079611
2 0.934369 0.915494 0.131262 0.166989
2 0.964909 0.082539 0.070181 0.064056
2 0.987350 0.181422 0.025300 0.126978
