14 0.108216 0.186556 0.214081 0.106800
4 0.538259 0.471844 0.047931 0.126422
1 0.613581 0.406011 0.055313 0.177911
7 0.624728 0.234072 0.070231 0.042922
7 0.611563 0.264117 0.064963 0.048389
7 0.535625 0.334350 0.067600 0.051500
0 0.495681 0.464667 0.056187 0.156067
5 0.792975 0.431444 0.083437 0.214622
5 0.973819 0.536644 0.052362 0.203200
5 0.777500 0.569417 0.046350 0.051500
2 0.862550 0.869433 0.179525 0.175578
2 0.821753 0.562911 0.043181 0.053733
2 0.478906 0.621639 0.083762 0.171678
5 0.167131 0.723894 0.204113 0.110811
5 0.310006 0.859672 0.167675 0.160744
2 0.032556 0.787228 0.064238 0.259389
2 0.084691 0.822811 0.044244 0.201333
2 0.165541 0.852306 0.116406 0.146078
2 0.209881 0.243778 0.089763 0.278667
2 0.293950 0.264578 0.077113 0.122489
2 0.388850 0.114022 0.037925 0.076867
2 0.882291 0.171983 0.069531 0.187656
2 0.958053 0.410994 0.083894 0.070789
5 0.406372 0.402989 0.382281 0.146978
5 0.557312 0.348383 0.077363 0.250811
5 0.190959 0.423222 0.048544 0.093044
2 0.592141 0.163667 0.150119 0.107689
2 0.636650 0.312561 0.068475 0.225678
2 0.677212 0.396833 0.148537 0.162000
