2 0.288350 0.673944 0.073725 0.140778
2 0.119509 0.670711 0.085556 0.163422
5 0.091747 0.309872 0.179306 0.066344
4 0.328397 0.116506 0.035494 0.084144
4 0.444903 0.065533 0.046419 0.098711
5 0.675181 0.082528 0.139263 0.126211
5 0.404856 0.127833 0.093750 0.106800
5 0.458100 0.281556 0.083738 0.220067
5 0.082647 0.114883 0.164744 0.100322
0 0.499513 0.469256 0.090100 0.178000
2 0.031675 0.041261 0.062800 0.072811
5 0.053066 0.393206 0.100119 0.084144
2 0.948237 0.166344 0.044600 0.067956
2 0.801244 0.121039 0.040050 0.074433
2 0.623756 0.171200 0.043688 0.080911
2 0.473575 0.159867 0.030950 0.071200
2 0.549575 0.307122 0.039138 0.103556
4 0.225547 0.094256 0.051881 0.053556
5 0.085831 0.103961 0.143813 0.060033
2 0.297453 0.453072 0.071906 0.145633
2 0.316566 0.238672 0.090106 0.137544
2 0.776669 0.374600 0.114687 0.289644
2 0.926850 0.351133 0.036412 0.122978
2 0.141353 0.452267 0.087381 0.147244
2 0.739350 0.713589 0.085563 0.087378
5 0.419419 0.661006 0.152000 0.186078
