0 0.502391 0.452556 0.076456 0.258244
2 0.658072 0.396117 0.047331 0.090611
2 0.734072 0.665533 0.159281 0.341422
2 0.913834 0.785278 0.052794 0.114889
2 0.984678 0.454367 0.030644 0.106800
2 0.977397 0.235922 0.045206 0.126222
2 0.766838 0.095144 0.088287 0.178000
2 0.647603 0.141267 0.053706 0.079289
2 0.406859 0.092878 0.096481 0.185756
2 0.144722 0.527183 0.141994 0.278322
2 0.113319 0.251294 0.206613 0.121367
5 0.227550 0.176861 0.083738 0.202256
2 0.482041 0.823461 0.268506 0.181233
5 0.589441 0.254689 0.228456 0.166667
5 0.340503 0.376861 0.047331 0.197411
5 0.262225 0.426211 0.043687 0.089000
2 0.279522 0.969094 0.107406 0.055011
2 0.046056 0.902022 0.084650 0.195956
0 0.839472 0.958250 0.230281 0.083500
