2 0.008459 0.221372 0.016919 0.165278
4 0.481663 0.396828 0.062600 0.125078
4 0.288200 0.354428 0.050075 0.147322
2 0.106006 0.975556 0.086975 0.048889
2 0.045363 0.727856 0.086975 0.165267
2 0.248456 0.727856 0.086975 0.165267
2 0.582716 0.915906 0.086969 0.165278
2 0.665928 0.615028 0.086969 0.165278
2 0.965656 0.532283 0.068688 0.165278
2 0.791450 0.076783 0.086975 0.153567
2 0.763244 0.213850 0.086975 0.165278
2 0.578484 0.261489 0.086969 0.165267
2 0.510787 0.311639 0.086975 0.165278
2 0.421931 0.314139 0.086975 0.165278
2 0.344363 0.394394 0.086975 0.205433
