5 0.841141 0.495522 0.123781 0.147244
5 0.378759 0.694550 0.125606 0.134300
2 0.372847 0.522222 0.126519 0.197400
2 0.274091 0.268983 0.143806 0.241100
0 0.289109 0.447789 0.066444 0.245956
2 0.566263 0.231767 0.121962 0.150489
2 0.835225 0.229339 0.117412 0.187700
2 0.709616 0.495522 0.115594 0.279933
2 0.954003 0.574811 0.087381 0.273467
2 0.569903 0.711544 0.151094 0.139156
2 0.803366 0.816722 0.101031 0.210356
5 0.622237 0.881444 0.137437 0.226533
5 0.458403 0.072600 0.179306 0.145200
2 0.687728 0.094444 0.082919 0.188889
2 0.202041 0.866172 0.145269 0.186411
6 0.106362 0.484539 0.124525 0.969078
