6 0.876131 0.257139 0.144175 0.493989
6 0.926269 0.749950 0.147463 0.473011
2 0.078941 0.923550 0.157881 0.055922
2 0.015372 0.967483 0.030744 0.065033
14 0.110562 0.173950 0.217575 0.135144
9 0.790281 0.818689 0.074712 0.144467
10 0.852528 0.913061 0.060306 0.114167
0 0.480894 0.480711 0.085325 0.228578
2 0.572641 0.386344 0.072219 0.091111
5 0.650628 0.358383 0.078769 0.156344
3 0.567400 0.223233 0.066975 0.091111
2 0.513006 0.144017 0.031588 0.286833
2 0.451472 0.272283 0.131069 0.053589
5 0.870231 0.780244 0.119275 0.426400
0 0.493413 0.349178 0.081262 0.142133
5 0.530766 0.725489 0.077331 0.223689
5 0.018881 0.041189 0.034212 0.082378
2 0.619684 0.761967 0.093056 0.174756
5 0.618581 0.643939 0.090437 0.055922
5 0.409531 0.793056 0.089125 0.223689
5 0.317781 0.861794 0.086500 0.086211
2 0.308606 0.738306 0.052425 0.151456
2 0.323025 0.703350 0.096987 0.118833
2 0.093591 0.620517 0.162656 0.084122
2 0.037516 0.532089 0.047181 0.130489
2 0.126859 0.516944 0.133694 0.188733
2 0.054991 0.375972 0.106169 0.205056
3 0.194578 0.275783 0.068156 0.102522
2 0.254316 0.189383 0.041944 0.151456
5 0.350547 0.205878 0.146794 0.149133
