8 0.499897 0.364950 0.058669 0.047056
7 0.589684 0.314072 0.065106 0.044522
1 0.589328 0.450800 0.068681 0.218756
0 0.489881 0.454611 0.085850 0.249289
11 0.569653 0.613600 0.037919 0.058511
4 0.611503 0.629628 0.057231 0.150078
2 0.708159 0.517189 0.157394 0.097933
2 0.758956 0.362022 0.051513 0.217489
2 0.717819 0.295883 0.128063 0.095389
2 0.174141 0.461967 0.201919 0.311356
2 0.194231 0.121672 0.184413 0.206967
2 0.451784 0.098839 0.112294 0.197678
2 0.618681 0.063978 0.219438 0.117222
2 0.914166 0.296400 0.171669 0.316844
2 0.904053 0.669106 0.087569 0.278389
2 0.597047 0.825700 0.316281 0.093400
2 0.732522 0.746944 0.057694 0.228933
2 0.447150 0.740539 0.049450 0.208789
2 0.280769 0.825883 0.124663 0.219789
2 0.369659 0.494478 0.053231 0.148044
2 0.400997 0.517367 0.124481 0.096156
2 0.810509 0.048961 0.045331 0.084256
5 0.494334 0.268378 0.271981 0.128200
5 0.111091 0.777533 0.185444 0.186822
