0 0.507191 0.461406 0.071294 0.234633
2 0.742325 0.296222 0.227550 0.144289
2 0.569387 0.344094 0.104675 0.234633
2 0.851547 0.640750 0.147144 0.396433
2 0.719191 0.793794 0.102394 0.106522
4 0.737772 0.598944 0.065231 0.134844
4 0.723741 0.917856 0.125156 0.130800
2 0.531844 0.766828 0.125150 0.173944
2 0.291778 0.729750 0.201756 0.334411
2 0.294434 0.352183 0.202519 0.256211
2 0.425653 0.096656 0.097844 0.187422
5 0.552319 0.093839 0.082675 0.187678
5 0.780247 0.122278 0.100119 0.168556
2 0.957631 0.170144 0.084737 0.275089
1 0.174066 0.455661 0.069906 0.252433
