14 0.108206 0.178611 0.216175 0.125400
5 0.726231 0.417556 0.080400 0.211711
5 0.335069 0.391667 0.386137 0.149444
5 0.488691 0.339411 0.076481 0.256200
5 0.411231 0.501228 0.083500 0.060678
5 0.121106 0.412456 0.039250 0.089889
5 0.545581 0.411328 0.039825 0.092144
2 0.407347 0.609889 0.080906 0.161822
5 0.136816 0.716078 0.206056 0.111244
5 0.237631 0.848117 0.170025 0.159567
2 0.735784 0.758306 0.086469 0.347900
2 0.780538 0.860789 0.179000 0.186089
2 0.899737 0.406050 0.104925 0.064056
2 0.819459 0.156589 0.080906 0.174178
2 0.970094 0.365039 0.059813 0.226989
5 0.941619 0.616072 0.116762 0.366322
