14 0.110453 0.179450 0.220906 0.126211
2 0.442991 0.122089 0.116506 0.244178
2 0.387472 0.212622 0.249394 0.124600
4 0.320116 0.066989 0.089194 0.121356
4 0.296450 0.314561 0.069175 0.118122
4 0.042963 0.059789 0.084650 0.119578
2 0.038547 0.465050 0.077094 0.224922
2 0.615016 0.337217 0.091019 0.289633
2 0.768388 0.350972 0.093750 0.226544
2 0.864412 0.126133 0.098300 0.252267
2 0.777031 0.732039 0.192962 0.309056
2 0.665078 0.076778 0.200244 0.153556
2 0.337500 0.799839 0.568875 0.213589
2 0.333859 0.650167 0.170206 0.079289
2 0.169659 0.410522 0.060069 0.218444
5 0.188609 0.050228 0.140319 0.100456
5 0.940412 0.767233 0.119175 0.217089
