0 0.514962 0.459572 0.088475 0.223300
5 0.720850 0.468306 0.393200 0.170878
5 0.538991 0.869106 0.350606 0.261789
2 0.326078 0.878878 0.429381 0.237667
2 0.414262 0.213000 0.049150 0.077667
2 0.531372 0.308333 0.154731 0.260244
2 0.891216 0.344744 0.217569 0.349244
2 0.777862 0.687917 0.091750 0.157278
2 0.385222 0.039161 0.079644 0.076411
2 0.655825 0.177239 0.033675 0.074433
2 0.231309 0.220606 0.077369 0.076056
5 0.629900 0.015789 0.076487 0.030333
2 0.705750 0.017728 0.072687 0.035456
5 0.096375 0.031228 0.075850 0.060678
