11 0.507550 0.716711 0.041613 0.093644
2 0.334087 0.241428 0.231975 0.151700
2 0.693741 0.247044 0.124519 0.140467
2 0.789816 0.318400 0.070156 0.204511
2 0.729769 0.377394 0.176350 0.102256
0 0.510119 0.461111 0.075850 0.260689
9 0.781662 0.810356 0.074587 0.109000
2 0.750375 0.765972 0.192788 0.089900
2 0.760169 0.892944 0.199737 0.206756
2 0.313859 0.780017 0.264206 0.161811
5 0.308487 0.927222 0.257263 0.139333
5 0.111697 0.538244 0.131219 0.219800
5 0.335669 0.371439 0.223125 0.098878
2 0.023450 0.246200 0.037987 0.134956
2 0.014291 0.374261 0.028531 0.085144
