2 0.206931 0.824083 0.086975 0.165278
0 0.496569 0.450794 0.106813 0.271656
1 0.030003 0.821344 0.057856 0.247911
2 0.667862 0.630572 0.086975 0.165278
2 0.682553 0.402472 0.086969 0.165278
2 0.840244 0.757683 0.086975 0.165278
2 0.505275 0.747233 0.086975 0.165267
2 0.390681 0.496517 0.086975 0.224522
2 0.048262 0.688261 0.086975 0.165278
2 0.989703 0.521306 0.020594 0.165278
2 0.666216 0.139072 0.100694 0.165278
2 0.524197 0.165194 0.086969 0.165278
2 0.895400 0.189572 0.086975 0.165278
9 0.783288 0.812661 0.066075 0.105989
