4 0.261422 0.072628 0.049306 0.072811
4 0.826881 0.459628 0.056125 0.118656
5 0.950438 0.678017 0.095025 0.279611
5 0.902381 0.924444 0.129975 0.151111
2 0.648981 0.763450 0.383375 0.442722
2 0.830291 0.720733 0.140894 0.182533
5 0.475863 0.446944 0.190050 0.163111
0 0.506991 0.446944 0.090656 0.163111
2 0.331141 0.247917 0.322206 0.246611
2 0.557778 0.312967 0.273056 0.198067
2 0.753287 0.298406 0.366987 0.238833
2 0.896919 0.480928 0.077550 0.246611
2 0.794250 0.060539 0.112500 0.120389
2 0.038316 0.489272 0.076456 0.151456
2 0.372538 0.935878 0.107038 0.124267
2 0.092378 0.964033 0.066631 0.060200
5 0.608659 0.106811 0.147906 0.087644
