4 0.699059 0.411706 0.050056 0.119744
4 0.427822 0.548439 0.048244 0.076056
5 0.339112 0.367144 0.163837 0.087378
5 0.657500 0.958400 0.175850 0.081556
9 0.783162 0.807661 0.068263 0.116500
2 0.887713 0.775294 0.224575 0.275078
5 0.945569 0.127711 0.108863 0.142711
5 0.810925 0.589100 0.167500 0.102267
5 0.094200 0.844817 0.188400 0.249078
2 0.506916 0.748600 0.373181 0.317156
2 0.411262 0.445528 0.079537 0.057122
5 0.372022 0.527000 0.083219 0.122667
2 0.628837 0.235922 0.352700 0.265644
2 0.766681 0.420544 0.080275 0.109000
2 0.729516 0.508644 0.083219 0.068356
2 0.229016 0.210206 0.294444 0.206011
2 0.414638 0.227828 0.075087 0.136189
5 0.475697 0.048856 0.180519 0.097711
2 0.125878 0.054294 0.143269 0.099256
