2 0.292956 0.317461 0.086975 0.165278
0 0.503841 0.472156 0.096431 0.279556
2 0.399913 0.315372 0.086975 0.165278
2 0.297659 0.484617 0.086969 0.165278
2 0.399913 0.488794 0.086975 0.165278
2 0.496244 0.695933 0.086975 0.165267
2 0.327044 0.823106 0.086975 0.165278
2 0.174250 0.693561 0.086975 0.165278
2 0.106081 0.405217 0.086975 0.165278
2 0.202456 0.133583 0.086975 0.165278
2 0.354075 0.048561 0.086975 0.097122
2 0.496287 0.135672 0.086975 0.165278
2 0.576209 0.415661 0.086969 0.165278
2 0.776012 0.298650 0.086975 0.165278
2 0.967928 0.411483 0.064144 0.165278
2 0.795994 0.653861 0.086975 0.165278
