7 0.542294 0.359867 0.073325 0.052822
4 0.535341 0.466617 0.054356 0.120233
2 0.845509 0.540672 0.133794 0.145633
5 0.870472 0.130439 0.259056 0.079611
5 0.929847 0.171122 0.091856 0.328356
2 0.447709 0.238211 0.304156 0.210356
2 0.565275 0.451944 0.161562 0.244067
2 0.339244 0.746578 0.364837 0.471956
2 0.247847 0.491050 0.078881 0.090344
2 0.111316 0.234167 0.218444 0.307444
9 0.812544 0.721628 0.061437 0.090344
2 0.804734 0.846817 0.388656 0.304211
5 0.646841 0.626633 0.162444 0.104511
5 0.188931 0.399644 0.197000 0.088956
5 0.172866 0.475961 0.059519 0.052433
5 0.322481 0.063167 0.185075 0.126333
2 0.274547 0.279478 0.254856 0.194178
