11 0.434684 0.430250 0.041506 0.075722
11 0.452159 0.561317 0.037131 0.069900
0 0.505678 0.464233 0.076456 0.256311
2 0.721394 0.308889 0.114687 0.143689
2 0.668969 0.635106 0.084100 0.279611
2 0.934928 0.376850 0.128881 0.198056
2 0.852463 0.760344 0.178037 0.184467
2 0.545000 0.940833 0.150725 0.118333
2 0.180741 0.946756 0.215169 0.102911
14 0.109878 0.178872 0.219756 0.118833
6 0.072244 0.497783 0.140387 0.995567
2 0.356919 0.234678 0.098300 0.192556
5 0.467506 0.271900 0.115600 0.163422
5 0.955612 0.670767 0.088775 0.252422
5 0.802456 0.909006 0.152000 0.181989
5 0.580369 0.632739 0.050063 0.237856
2 0.602344 0.121900 0.365900 0.132044
2 0.958409 0.104422 0.081919 0.077667
5 0.829766 0.068178 0.106494 0.126222
