4 0.310456 0.333417 0.054375 0.101744
2 0.985156 0.332478 0.029687 0.151644
2 0.673350 0.906322 0.126200 0.152622
2 0.805975 0.565628 0.076238 0.157500
2 0.807003 0.233578 0.032969 0.150178
2 0.524012 0.613100 0.076550 0.151356
2 0.359822 0.732017 0.077269 0.170433
2 0.197419 0.613100 0.085850 0.169156
2 0.141256 0.324389 0.082275 0.141178
2 0.230688 0.066956 0.082275 0.128467
2 0.524372 0.070133 0.080131 0.139911
2 0.594484 0.321711 0.084419 0.141178
4 0.427072 0.294622 0.058669 0.105556
4 0.368406 0.243750 0.078700 0.100478
0 0.501834 0.439739 0.057944 0.203500
16 0.474291 0.502067 0.047219 0.071222
0 0.408112 0.540861 0.055087 0.197144
