8 0.514253 0.333650 0.035994 0.029656
8 0.514691 0.378828 0.033356 0.029656
7 0.425144 0.183744 0.064087 0.054622
1 0.431072 0.292211 0.059256 0.224733
0 0.501081 0.444328 0.054500 0.241256
2 0.943675 0.421200 0.112650 0.195867
2 0.979081 0.140939 0.041838 0.155344
2 0.806159 0.136889 0.205706 0.263756
5 0.611134 0.263261 0.082694 0.185411
5 0.804181 0.361583 0.150650 0.071167
5 0.746769 0.427128 0.116938 0.078656
5 0.678553 0.708522 0.051094 0.201333
5 0.636416 0.741294 0.032131 0.145144
2 0.745450 0.744106 0.085863 0.171367
2 0.905053 0.751133 0.089019 0.161067
2 0.577475 0.748511 0.088488 0.174178
2 0.411294 0.735394 0.091125 0.146078
5 0.477397 0.803289 0.040031 0.152644
5 0.393119 0.844961 0.125362 0.084278
5 0.379950 0.900211 0.145375 0.074911
2 0.580372 0.957794 0.086906 0.083344
2 0.756303 0.962278 0.085856 0.075444
2 0.926700 0.959000 0.094813 0.082000
5 0.381266 0.239194 0.161181 0.140456
5 0.444741 0.049367 0.183831 0.098733
2 0.536128 0.122139 0.067419 0.058056
2 0.410531 0.960206 0.081538 0.079589
