2 0.551662 0.274906 0.134350 0.176700
0 0.509613 0.469083 0.078637 0.300967
2 0.631397 0.560344 0.136531 0.114556
2 0.609006 0.667139 0.061163 0.196122
2 0.476844 0.837044 0.141987 0.139800
2 0.760278 0.818594 0.151819 0.242722
2 0.783216 0.356461 0.053519 0.227189
5 0.871141 0.346756 0.124519 0.200000
5 0.910462 0.095294 0.126700 0.186411
2 0.706759 0.072967 0.123419 0.145622
2 0.379634 0.044811 0.209706 0.085444
2 0.345775 0.348694 0.089563 0.188344
5 0.337584 0.667139 0.171481 0.176700
5 0.399297 0.567144 0.120144 0.081556
2 0.319016 0.513744 0.267594 0.106800
2 0.736797 0.522478 0.294906 0.108733
2 0.128422 0.239961 0.089569 0.176700
2 0.144259 0.845783 0.129981 0.145633
2 0.112584 0.958328 0.095019 0.083344
10 0.856941 0.913739 0.076456 0.110678
6 0.031172 0.500000 0.062344 1.000000
2 0.987178 0.171806 0.025644 0.223300
2 0.972434 0.731994 0.055131 0.155344
