8 0.499681 0.343283 0.047025 0.048544
7 0.545547 0.420483 0.031606 0.035967
1 0.664378 0.523861 0.089756 0.260700
4 0.546131 0.523833 0.064012 0.154978
2 0.379912 0.680417 0.123787 0.294500
2 0.435894 0.102672 0.117413 0.205344
2 0.635681 0.159222 0.080100 0.263756
2 0.842294 0.075161 0.220263 0.150322
2 0.089381 0.490128 0.178762 0.207122
5 0.147366 0.854211 0.081019 0.220067
5 0.526913 0.706956 0.090112 0.226533
5 0.794509 0.770872 0.137444 0.244344
5 0.827731 0.413267 0.222087 0.182844
2 0.343416 0.391422 0.192956 0.160200
