0 0.505409 0.467850 0.075119 0.258189
4 0.503444 0.668139 0.058150 0.112367
5 0.415231 0.603072 0.144112 0.360033
4 0.149697 0.145100 0.046969 0.096756
5 0.273431 0.110672 0.139687 0.206767
2 0.964813 0.288378 0.070375 0.153889
2 0.416791 0.317394 0.146831 0.201878
2 0.902950 0.799522 0.160875 0.245622
2 0.870222 0.219378 0.154794 0.132622
2 0.764400 0.287706 0.075763 0.152456
2 0.311522 0.861944 0.512706 0.276111
5 0.693956 0.679089 0.225600 0.271311
5 0.224366 0.461217 0.235231 0.486233
5 0.705238 0.903378 0.244188 0.193244
