2 0.669178 0.935261 0.056256 0.129478
14 0.111681 0.184467 0.216625 0.126222
2 0.404306 0.374600 0.172025 0.192556
2 0.507163 0.085761 0.108313 0.168278
2 0.788409 0.300972 0.272144 0.165056
2 0.647328 0.396439 0.110131 0.064722
0 0.501522 0.442661 0.051794 0.217722
11 0.541025 0.547228 0.036875 0.069456
11 0.521934 0.596778 0.036431 0.065556
2 0.393022 0.689161 0.188406 0.347900
2 0.618750 0.713433 0.128338 0.131067
4 0.790778 0.567722 0.091931 0.127667
2 0.875425 0.740050 0.241200 0.119900
2 0.919569 0.559628 0.136525 0.289811
6 0.048962 0.494339 0.089125 0.966989
5 0.292094 0.192594 0.153350 0.251656
5 0.177409 0.412789 0.104856 0.198067
5 0.168887 0.820556 0.106162 0.240000
5 0.697747 0.490844 0.201844 0.125822
5 0.848956 0.127894 0.107037 0.163100
2 0.982128 0.237428 0.035744 0.191189
2 0.504841 0.960417 0.111881 0.071922
9 0.781687 0.814561 0.062575 0.100011
