2 0.691419 0.404933 0.087500 0.171556
2 0.820513 0.214322 0.358975 0.171556
2 0.386178 0.198933 0.087506 0.171556
2 0.538797 0.183856 0.087506 0.171556
2 0.072459 0.402422 0.087506 0.171556
2 0.036200 0.887289 0.072400 0.171556
2 0.061153 0.633556 0.087506 0.171556
14 0.121962 0.188722 0.234988 0.178489
2 0.213772 0.631033 0.087506 0.171556
2 0.202466 0.892311 0.087506 0.171556
2 0.367806 0.899856 0.087500 0.171556
2 0.380525 0.623500 0.087500 0.171556
2 0.547275 0.636067 0.087500 0.171556
2 0.541622 0.894822 0.087506 0.171556
2 0.879366 0.892311 0.087506 0.171556
2 0.714028 0.877244 0.087506 0.171556
2 0.702722 0.628522 0.087506 0.171556
2 0.880778 0.633556 0.127069 0.171556
2 0.861000 0.394889 0.110125 0.171556
2 0.533144 0.402422 0.087500 0.171556
2 0.219425 0.397400 0.087500 0.171556
2 0.379109 0.399911 0.087506 0.171556
0 0.500534 0.458367 0.071256 0.259467
