5 0.276438 0.165550 0.072638 0.124789
0 0.499594 0.445356 0.069725 0.224178
1 0.502569 0.151289 0.057862 0.216267
1 0.572562 0.051922 0.056662 0.100733
1 0.548094 0.273233 0.062675 0.085467
2 0.422750 0.152656 0.086713 0.167889
2 0.591878 0.213706 0.119331 0.161789
5 0.379462 0.775333 0.079325 0.141022
5 0.866034 0.596761 0.082419 0.137367
5 0.576028 0.095844 0.075206 0.087911
5 0.427678 0.024117 0.075206 0.048233
2 0.734812 0.423106 0.084062 0.168322
2 0.752362 0.813850 0.107738 0.372300
2 0.292028 0.771056 0.084069 0.175578
2 0.151644 0.370139 0.178750 0.208944
2 0.031950 0.513067 0.063900 0.340978
2 0.815941 0.213456 0.119706 0.160822
5 0.629444 0.489850 0.102838 0.265544
5 0.321738 0.429633 0.112637 0.252467
