5 0.322541 0.795139 0.167919 0.177678
0 0.505409 0.467850 0.075119 0.258189
5 0.583178 0.946339 0.089644 0.107322
5 0.608187 0.127783 0.080375 0.128211
5 0.907637 0.489889 0.120475 0.149111
5 0.554906 0.442633 0.112313 0.177689
1 0.476081 0.380728 0.076550 0.193322
7 0.478484 0.248883 0.071044 0.054767
2 0.330016 0.618728 0.087569 0.177678
2 0.150259 0.323922 0.085519 0.153844
2 0.555669 0.315661 0.115412 0.177678
2 0.842572 0.373839 0.087569 0.163900
2 0.893212 0.791878 0.213575 0.210689
2 0.751909 0.868450 0.095819 0.225322
2 0.958781 0.668739 0.082438 0.177678
6 0.498625 0.041489 0.997250 0.082978
