16 0.189191 0.402094 0.043644 0.082678
11 0.547334 0.442794 0.043644 0.061056
4 0.508344 0.533228 0.057238 0.123367
0 0.497969 0.456917 0.063675 0.181878
16 0.162003 0.328328 0.040781 0.085211
16 0.203144 0.488583 0.042925 0.082678
1 0.063631 0.442794 0.045787 0.077589
1 0.022497 0.507661 0.042206 0.158989
14 0.113716 0.182694 0.224644 0.099211
11 0.070691 0.480650 0.037756 0.058300
16 0.067937 0.937428 0.056637 0.101744
2 0.254222 0.746267 0.297619 0.128467
2 0.373344 0.837328 0.052225 0.246744
4 0.866563 0.936600 0.110175 0.126800
2 0.673869 0.830528 0.134787 0.338944
2 0.751994 0.705311 0.040350 0.064111
2 0.931450 0.704806 0.082275 0.105567
2 0.615947 0.163972 0.047931 0.327944
2 0.601994 0.297417 0.314787 0.083944
2 0.930737 0.223394 0.082275 0.175522
2 0.978066 0.110839 0.043869 0.192056
2 0.725266 0.161206 0.035056 0.111922
0 0.467353 0.067717 0.047219 0.100478
2 0.239844 0.186511 0.045787 0.347222
2 0.315322 0.313067 0.110894 0.104289
5 0.796450 0.745756 0.048650 0.157711
5 0.760675 0.839878 0.051513 0.211133
5 0.599775 0.363178 0.308350 0.087756
5 0.921028 0.072233 0.080481 0.113400
5 0.302003 0.215000 0.075719 0.103867
5 0.290972 0.054506 0.046506 0.109011
5 0.576597 0.050839 0.038631 0.101678
5 0.293853 0.863800 0.124656 0.148356
