16 0.184716 0.673828 0.033706 0.050567
16 0.192353 0.760444 0.024756 0.047756
16 0.242131 0.644333 0.022125 0.040267
16 0.310606 0.630750 0.023175 0.052433
1 0.217478 0.172094 0.077431 0.227544
1 0.120822 0.851933 0.100081 0.250022
1 0.293856 0.511078 0.067950 0.197578
5 0.315978 0.738161 0.255469 0.382056
0 0.495522 0.451339 0.086594 0.286544
2 0.575478 0.354700 0.128944 0.212378
2 0.684194 0.205806 0.116300 0.206767
2 0.718009 0.104117 0.171294 0.084278
2 0.770787 0.186706 0.075850 0.231478
2 0.807859 0.762206 0.088669 0.389389
2 0.753431 0.746211 0.057063 0.424511
5 0.685612 0.739967 0.077688 0.393289
9 0.781534 0.820133 0.078381 0.149444
2 0.085541 0.362950 0.146794 0.260967
5 0.350953 0.234794 0.184806 0.121167
2 0.337044 0.119144 0.217687 0.091689
2 0.024597 0.133306 0.049194 0.146989
