0 0.508397 0.464578 0.093931 0.236933
1 0.751966 0.305372 0.078644 0.221367
2 0.855581 0.375728 0.131975 0.266989
2 0.791869 0.718772 0.208437 0.137544
2 0.540200 0.781072 0.121962 0.161811
2 0.439169 0.844983 0.089200 0.153722
2 0.838559 0.946761 0.140169 0.101944
5 0.438987 0.252106 0.167475 0.224922
5 0.387559 0.565211 0.121056 0.281556
5 0.220994 0.144500 0.186588 0.252422
5 0.230553 0.402589 0.121969 0.186089
5 0.230097 0.746439 0.073731 0.197411
5 0.028806 0.450322 0.057613 0.178000
5 0.633769 0.420383 0.134712 0.147233
2 0.665178 0.112028 0.073219 0.132967
4 0.982169 0.858928 0.035662 0.111922
5 0.966853 0.220278 0.066294 0.135778
5 0.882128 0.580783 0.081644 0.109256
5 0.916953 0.068039 0.082169 0.136078
5 0.770628 0.039944 0.073956 0.079889
5 0.308009 0.948328 0.084956 0.095744
5 0.975975 0.952428 0.048050 0.095144
5 0.703947 0.237733 0.066206 0.165822
