0 0.397984 0.278206 0.087381 0.157278
4 0.713641 0.348111 0.087381 0.133978
4 0.157694 0.349078 0.080825 0.159222
4 0.511575 0.899783 0.135438 0.200433
2 0.289306 0.624811 0.079737 0.283489
2 0.336272 0.543261 0.171481 0.120389
2 0.723472 0.569472 0.139806 0.141744
2 0.627900 0.636461 0.075363 0.209700
2 0.694525 0.699567 0.175850 0.106800
5 0.893312 0.886944 0.162738 0.225244
2 0.973691 0.568500 0.052619 0.163111
5 0.502278 0.168506 0.995056 0.135922
5 0.052294 0.554156 0.103763 0.891689
5 0.372772 0.679778 0.077744 0.152822
