2 0.036531 0.585894 0.070788 0.151700
14 0.106062 0.166189 0.209850 0.134844
1 0.361419 0.198778 0.064475 0.148333
4 0.491312 0.161133 0.061313 0.133711
2 0.637637 0.136978 0.045513 0.083156
2 0.683781 0.286983 0.059412 0.100011
2 0.866134 0.226867 0.054994 0.101133
2 0.783650 0.074611 0.041713 0.093267
2 0.988850 0.084161 0.022300 0.089900
5 0.739403 0.198211 0.146644 0.126978
5 0.417991 0.260578 0.172556 0.114622
5 0.514700 0.428011 0.077750 0.312378
2 0.606350 0.439250 0.052462 0.092144
2 0.832319 0.503300 0.126412 0.307889
2 0.623419 0.734217 0.051200 0.133722
5 0.470138 0.798272 0.170662 0.189900
2 0.335188 0.808944 0.099238 0.168556
2 0.185703 0.816811 0.102394 0.188778
2 0.350991 0.579711 0.080269 0.166311
2 0.196447 0.580272 0.079644 0.135967
2 0.028947 0.822428 0.055619 0.141589
5 0.122497 0.440372 0.232606 0.067411
0 0.020381 0.276311 0.001963 0.002244
2 0.049487 0.337556 0.071425 0.124733
2 0.209091 0.352722 0.072056 0.130356
4 0.273244 0.176300 0.043612 0.132600
2 0.215609 0.153417 0.066369 0.135789
2 0.807353 0.863328 0.079644 0.092144
2 0.362375 0.131017 0.076088 0.108589
16 0.279988 0.021511 0.034238 0.040578
2 0.446347 0.018167 0.484594 0.036333
2 0.085825 0.015483 0.070363 0.030967
2 0.069491 0.114761 0.074256 0.074789
2 0.496206 0.623600 0.043588 0.093756
2 0.532269 0.268761 0.035987 0.055700
2 0.423059 0.136739 0.039506 0.083233
2 0.987234 0.475983 0.025531 0.124633
