2 0.209066 0.323294 0.073831 0.141944
14 0.109762 0.184606 0.219525 0.118278
13 0.895506 0.169217 0.208988 0.123367
1 0.583122 0.506594 0.057519 0.198411
4 0.193406 0.934094 0.082412 0.131811
2 0.601888 0.808667 0.153500 0.115378
2 0.455459 0.225611 0.068681 0.138889
2 0.591106 0.130983 0.066962 0.129722
2 0.318097 0.132511 0.063531 0.132778
2 0.725894 0.372739 0.113325 0.131256
2 0.856387 0.807567 0.056662 0.373933
2 0.360162 0.531778 0.037775 0.167889
2 0.698050 0.688561 0.105525 0.148389
2 0.504884 0.684856 0.118644 0.147333
2 0.507656 0.920056 0.126200 0.132778
2 0.708122 0.923778 0.118481 0.152444
