5 0.549125 0.849694 0.098725 0.297611
5 0.467309 0.217672 0.122769 0.131256
5 0.982109 0.569628 0.035781 0.132789
5 0.744437 0.950411 0.041212 0.099178
5 0.820416 0.623811 0.076406 0.123622
5 0.684344 0.439283 0.175137 0.070211
2 0.477181 0.389683 0.141650 0.169411
2 0.745897 0.324817 0.380319 0.207567
2 0.505197 0.034306 0.039344 0.068611
2 0.607859 0.032361 0.038631 0.057233
2 0.738069 0.062250 0.038637 0.086478
2 0.821959 0.949039 0.049794 0.101922
2 0.663994 0.937761 0.116762 0.073256
2 0.627506 0.850006 0.048938 0.260989
2 0.885491 0.655406 0.054944 0.332722
2 0.830116 0.527961 0.119331 0.099211
2 0.468081 0.830617 0.053225 0.094633
1 0.513153 0.672650 0.091856 0.157211
11 0.537953 0.563850 0.034281 0.057411
11 0.575466 0.499817 0.035769 0.058300
0 0.497422 0.448778 0.070056 0.239933
6 0.211366 0.499889 0.385731 0.999778
14 0.111853 0.182150 0.218819 0.123078
