4 0.710250 0.422222 0.054125 0.157333
5 0.338031 0.356339 0.159287 0.095744
5 0.815881 0.590961 0.168387 0.111922
9 0.779853 0.810761 0.072056 0.106522
5 0.097906 0.835972 0.195813 0.241100
2 0.518275 0.745739 0.373562 0.389922
2 0.394566 0.480272 0.126944 0.138589
2 0.234316 0.191806 0.298544 0.215211
2 0.627972 0.221739 0.357706 0.258900
2 0.772863 0.412661 0.072163 0.132967
2 0.733413 0.499467 0.080062 0.061800
2 0.983019 0.527072 0.033962 0.079789
5 0.948287 0.129961 0.103425 0.133722
2 0.891147 0.789117 0.217706 0.278678
2 0.124247 0.497883 0.126806 0.143100
5 0.480778 0.044711 0.175969 0.087644
