2 0.264269 0.170278 0.076213 0.102556
2 0.358141 0.961933 0.112294 0.076133
2 0.132925 0.082394 0.081388 0.109878
2 0.912800 0.186794 0.081388 0.161167
1 0.485412 0.152133 0.076550 0.180400
0 0.561963 0.492350 0.072987 0.170900
1 0.443578 0.878467 0.089006 0.202556
4 0.158212 0.415706 0.040062 0.110656
4 0.110994 0.347028 0.072975 0.105567
4 0.100978 0.504733 0.072969 0.069956
4 0.050184 0.432878 0.050081 0.081400
4 0.925994 0.556106 0.051512 0.130033
2 0.727163 0.718189 0.162775 0.135533
2 0.699859 0.919656 0.087569 0.062267
2 0.744162 0.839989 0.279188 0.119044
2 0.506116 0.643956 0.071256 0.169422
2 0.779906 0.234411 0.081388 0.161178
5 0.439578 0.645483 0.121906 0.166367
5 0.467053 0.334889 0.068681 0.134311
5 0.801337 0.053511 0.261675 0.107022
5 0.639078 0.164711 0.085506 0.269222
2 0.718087 0.424889 0.081388 0.161178
2 0.325575 0.415778 0.081387 0.124444
2 0.238531 0.705922 0.081387 0.161178
5 0.183722 0.456856 0.361606 0.750956
2 0.014459 0.184961 0.027831 0.161167
