2 0.233044 0.041033 0.106400 0.082067
3 0.969288 0.514089 0.061425 0.106756
2 0.344144 0.573622 0.220262 0.087378
2 0.233103 0.690050 0.081919 0.077500
2 0.152094 0.783978 0.109225 0.148867
2 0.226731 0.817156 0.040050 0.211978
2 0.161194 0.888350 0.141988 0.066344
2 0.858041 0.835600 0.050056 0.195800
2 0.923575 0.884956 0.142900 0.087378
5 0.742291 0.664233 0.077956 0.147956
5 0.534041 0.890522 0.180144 0.095511
2 0.345962 0.444172 0.172937 0.129456
1 0.283572 0.718006 0.076019 0.263344
1 0.440200 0.841528 0.064225 0.277278
16 0.358937 0.784439 0.064225 0.107189
0 0.504353 0.450617 0.080831 0.258256
16 0.383841 0.879978 0.066844 0.111844
1 0.028413 0.707544 0.056825 0.307578
3 0.107944 0.483856 0.081262 0.158444
11 0.507044 0.903278 0.051112 0.093200
2 0.548987 0.799589 0.161213 0.081556
2 0.729203 0.441917 0.170394 0.130478
2 0.739688 0.571233 0.233300 0.123489
2 0.848475 0.683083 0.125825 0.104856
5 0.398913 0.241528 0.193975 0.116500
0 0.347797 0.165794 0.086506 0.072233
14 0.110331 0.178611 0.220663 0.130489
