2 0.688812 0.420272 0.072125 0.144122
0 0.498969 0.449511 0.073150 0.247244
4 0.214628 0.778078 0.064906 0.100733
6 0.501012 0.955322 0.997975 0.089356
2 0.560503 0.226100 0.238619 0.104022
2 0.285562 0.296472 0.036500 0.083278
2 0.702019 0.738011 0.082912 0.222422
2 0.451269 0.734506 0.074438 0.215878
2 0.933622 0.747550 0.132756 0.278233
2 0.403219 0.046000 0.035937 0.077778
2 0.727938 0.050383 0.038375 0.089456
2 0.278062 0.459122 0.035125 0.094200
2 0.167219 0.350483 0.043312 0.093033
2 0.257675 0.144894 0.039275 0.080878
14 0.109119 0.183028 0.218238 0.168500
2 0.809219 0.179239 0.041062 0.061967
2 0.220231 0.752928 0.127963 0.269478
2 0.932594 0.350278 0.035438 0.086111
