2 0.316750 0.755056 0.382875 0.257889
4 0.452391 0.279600 0.071544 0.135667
4 0.336109 0.219178 0.071544 0.135667
4 0.225216 0.278533 0.071544 0.135667
0 0.500147 0.455100 0.071544 0.234867
1 0.619850 0.113472 0.074175 0.203078
2 0.889406 0.139011 0.042925 0.087000
2 0.908256 0.350028 0.042925 0.086989
2 0.929719 0.629889 0.042925 0.087000
2 0.814675 0.686356 0.042925 0.087000
2 0.368247 0.399422 0.042931 0.087000
2 0.557981 0.046856 0.042925 0.087000
2 0.642547 0.565778 0.141656 0.346444
2 0.731381 0.900822 0.226613 0.192356
2 0.479866 0.937428 0.156269 0.125144
2 0.067775 0.414906 0.133950 0.280856
2 0.069500 0.157711 0.139000 0.154133
2 0.318038 0.042683 0.102050 0.085367
