2 0.291703 0.373222 0.220344 0.294667
2 0.228113 0.588011 0.087500 0.171556
2 0.278997 0.831511 0.211881 0.336978
2 0.513569 0.796433 0.087500 0.385133
2 0.743922 0.716039 0.217531 0.209256
14 0.113981 0.180300 0.227963 0.147689
6 0.114475 0.500000 0.129063 1.000000
1 0.444988 0.910867 0.049450 0.157511
1 0.435716 0.752444 0.067994 0.170333
2 0.601184 0.961461 0.087506 0.077078
2 0.800431 0.958950 0.144013 0.082100
2 0.961012 0.804444 0.077975 0.391111
2 0.951647 0.447206 0.087506 0.123811
2 0.748153 0.257556 0.087506 0.096222
2 0.838594 0.141500 0.087500 0.283000
2 0.638622 0.086700 0.176506 0.171556
2 0.399806 0.082472 0.148262 0.164944
2 0.770050 0.491183 0.125650 0.231856
