4 0.921928 0.049372 0.085194 0.091456
11 0.877694 0.472767 0.044788 0.071844
5 0.746625 0.494133 0.138712 0.203889
2 0.654331 0.494128 0.048063 0.223300
2 0.582247 0.166944 0.131069 0.209711
5 0.821444 0.106750 0.124513 0.147567
5 0.806697 0.244611 0.116869 0.143689
2 0.888616 0.318406 0.046969 0.248544
2 0.631941 0.946578 0.143081 0.106844
2 0.499234 0.722289 0.137619 0.112622
2 0.458278 0.824228 0.064444 0.203878
5 0.254028 0.765000 0.145269 0.159222
5 0.203788 0.846461 0.182400 0.132233
2 0.210884 0.512578 0.083006 0.198067
2 0.430425 0.398017 0.137625 0.198056
2 0.276419 0.139761 0.117963 0.139811
2 0.176478 0.223161 0.134344 0.116700
2 0.021888 0.372672 0.043775 0.136122
14 0.107081 0.185394 0.214163 0.137856
2 0.184672 0.670828 0.273056 0.114567
2 0.603544 0.678594 0.322213 0.126211
2 0.692250 0.768622 0.075850 0.064867
2 0.887181 0.904206 0.053100 0.157767
2 0.312409 0.976428 0.091931 0.046922
1 0.956462 0.217689 0.081912 0.184467
