2 0.794775 0.555328 0.116938 0.309011
14 0.111497 0.176644 0.219331 0.129222
2 0.328616 0.403067 0.127681 0.166311
2 0.332409 0.186189 0.118831 0.137089
4 0.452819 0.213722 0.048675 0.131467
2 0.597250 0.181694 0.046775 0.096633
2 0.644972 0.336200 0.053731 0.126978
2 0.492006 0.331150 0.044875 0.080900
0 0.500225 0.473861 0.071425 0.195522
2 0.569753 0.514872 0.049931 0.124722
2 0.452188 0.673872 0.043612 0.107878
2 0.570072 0.799167 0.053094 0.126978
2 0.963222 0.528922 0.045506 0.137089
0 0.771703 0.924461 0.094806 0.098878
5 0.420581 0.853667 0.146012 0.204511
2 0.295116 0.875578 0.078381 0.178667
2 0.309022 0.639606 0.078381 0.167433
2 0.144678 0.636794 0.080906 0.157322
2 0.162062 0.402506 0.082800 0.138211
2 0.024619 0.395761 0.049238 0.122478
5 0.101731 0.495206 0.203463 0.089900
2 0.016084 0.641850 0.032169 0.135967
2 0.133175 0.880633 0.080400 0.160467
2 0.981050 0.334628 0.029075 0.092144
2 0.830297 0.284067 0.049931 0.103378
2 0.744966 0.126189 0.047406 0.091022
2 0.966194 0.136300 0.041088 0.084267
5 0.699772 0.250356 0.154231 0.146089
5 0.922578 0.035283 0.114406 0.070567
2 0.406869 0.040844 0.492388 0.081689
5 0.413503 0.302494 0.107456 0.122478
