0 0.498359 0.449600 0.084719 0.262200
2 0.675691 0.648200 0.119831 0.183378
2 0.414300 0.589283 0.159775 0.193522
2 0.229725 0.465989 0.093500 0.262200
4 0.067534 0.266222 0.051794 0.134222
1 0.017087 0.080889 0.034175 0.144356
5 0.904625 0.344200 0.125913 0.235978
5 0.693006 0.822900 0.056125 0.146978
9 0.782506 0.806717 0.080400 0.155078
5 0.299575 0.827889 0.136525 0.331711
2 0.414259 0.930094 0.075094 0.137544
2 0.066212 0.853506 0.126412 0.224744
5 0.577975 0.514167 0.067425 0.254711
2 0.793722 0.329978 0.089019 0.235978
2 0.585450 0.210167 0.283675 0.213044
2 0.295909 0.147378 0.141581 0.144956
5 0.067288 0.114806 0.063650 0.161922
5 0.136247 0.455717 0.082169 0.251700
2 0.895131 0.537433 0.209737 0.134311
2 0.894806 0.071272 0.106188 0.142544
