8 0.502534 0.320311 0.057519 0.075289
7 0.428584 0.228167 0.084069 0.059556
1 0.421319 0.378744 0.069513 0.234844
0 0.504116 0.474817 0.064469 0.231478
5 0.736378 0.318989 0.102856 0.334956
5 0.969447 0.301189 0.061106 0.341422
2 0.927609 0.704639 0.144119 0.235967
2 0.400456 0.710033 0.148663 0.257556
14 0.110331 0.182122 0.214650 0.142933
11 0.299575 0.220550 0.036412 0.079567
2 0.231766 0.872550 0.212981 0.241100
2 0.674575 0.953667 0.272150 0.092667
5 0.664181 0.842989 0.279125 0.133489
2 0.879369 0.055772 0.129700 0.098433
2 0.412894 0.052400 0.125150 0.099778
