1 0.248109 0.427322 0.056881 0.190089
0 0.509103 0.446517 0.062681 0.273433
14 0.890459 0.164011 0.218444 0.163111
2 0.662453 0.236217 0.045506 0.102478
2 0.542991 0.073056 0.047781 0.059333
5 0.310134 0.057556 0.229819 0.084956
2 0.308994 0.132389 0.219963 0.083600
2 0.034797 0.196439 0.050819 0.106522
2 0.019484 0.043394 0.038969 0.086300
2 0.020244 0.337350 0.040488 0.091700
2 0.186119 0.294872 0.077363 0.120011
2 0.419734 0.296222 0.078881 0.138889
2 0.414047 0.603667 0.076606 0.200911
2 0.170191 0.615133 0.078881 0.218444
2 0.058691 0.919200 0.115294 0.117311
2 0.275622 0.967744 0.087981 0.060689
2 0.510375 0.929317 0.137287 0.137544
2 0.815669 0.979489 0.063713 0.041022
2 0.890003 0.805261 0.053094 0.132144
2 0.896456 0.477589 0.207087 0.388356
2 0.638791 0.624300 0.119081 0.241378
