11 0.549869 0.038256 0.034750 0.059067
4 0.490122 0.090006 0.057306 0.125722
4 0.664784 0.091094 0.054869 0.135478
11 0.531306 0.464628 0.036875 0.076789
2 0.698016 0.393461 0.168031 0.213500
2 0.873419 0.627567 0.098500 0.241600
4 0.804416 0.674389 0.070056 0.176044
2 0.623375 0.853906 0.185075 0.258900
2 0.205447 0.568717 0.043994 0.211700
5 0.287741 0.559950 0.114531 0.221144
0 0.503900 0.448206 0.069500 0.267700
5 0.780841 0.180772 0.123631 0.257544
16 0.406784 0.152711 0.046881 0.049622
5 0.393353 0.221072 0.153806 0.266878
5 0.585137 0.446461 0.082700 0.178856
5 0.961491 0.594067 0.077019 0.281822
2 0.228275 0.767189 0.144325 0.160133
2 0.075788 0.736756 0.146962 0.116111
2 0.382100 0.950217 0.095575 0.099567
14 0.111772 0.174972 0.219206 0.115967
2 0.024978 0.450050 0.049956 0.124056
2 0.149003 0.289144 0.112719 0.093644
2 0.466834 0.051206 0.135894 0.081478
2 0.964691 0.939806 0.070619 0.100011
