2 0.673631 0.369400 0.129575 0.242533
2 0.756325 0.697611 0.107450 0.213511
2 0.532966 0.588944 0.140169 0.114333
2 0.337191 0.420433 0.128519 0.249089
2 0.535497 0.129506 0.134706 0.147256
2 0.775744 0.124567 0.120238 0.195956
2 0.229672 0.171572 0.129244 0.250811
14 0.108009 0.188561 0.216019 0.126211
4 0.119994 0.678050 0.059162 0.092233
2 0.167278 0.774244 0.128431 0.194333
2 0.613516 0.921494 0.145631 0.157011
5 0.575591 0.745900 0.131981 0.188778
5 0.134869 0.929517 0.262513 0.140967
5 0.048809 0.725672 0.087244 0.258900
5 0.795328 0.386272 0.106194 0.137544
0 0.499059 0.422006 0.100881 0.226544
10 0.851875 0.910172 0.086912 0.138589
