9 0.781009 0.807722 0.060094 0.109889
5 0.023103 0.594233 0.046206 0.173622
2 0.245456 0.336211 0.082275 0.218244
2 0.150775 0.579911 0.082275 0.162978
11 0.498044 0.652806 0.034338 0.103789
1 0.071447 0.085350 0.076406 0.149567
14 0.109341 0.189133 0.218681 0.119044
2 0.333766 0.630156 0.145844 0.162978
2 0.582506 0.652767 0.126113 0.162978
4 0.292684 0.739100 0.064769 0.162244
1 0.396806 0.773644 0.073600 0.162244
2 0.671916 0.335533 0.080081 0.209356
2 0.944300 0.765756 0.111400 0.140267
2 0.478787 0.897650 0.089500 0.182144
2 0.153003 0.100306 0.072781 0.107589
2 0.353363 0.062506 0.115312 0.119211
2 0.570488 0.060328 0.109588 0.120656
2 0.767853 0.068989 0.084394 0.129111
