2 0.475878 0.926589 0.082269 0.146822
2 0.344481 0.382311 0.123500 0.162978
4 0.298372 0.482817 0.058881 0.108167
1 0.322909 0.765444 0.082431 0.205867
1 0.446559 0.280439 0.070656 0.240767
0 0.498572 0.427861 0.072619 0.235522
2 0.019881 0.959828 0.039762 0.080344
2 0.168969 0.342622 0.082275 0.162978
2 0.259644 0.115494 0.082275 0.202789
2 0.663569 0.118633 0.082275 0.196511
2 0.933175 0.503744 0.133275 0.162978
2 0.574594 0.405000 0.118563 0.162978
2 0.473916 0.620633 0.082269 0.162978
5 0.789541 0.447572 0.157019 0.150033
