2 0.297075 0.964422 0.084063 0.071156
16 0.165728 0.462806 0.035294 0.058056
1 0.188378 0.393983 0.054256 0.152633
0 0.502047 0.445956 0.054781 0.250956
5 0.572725 0.666911 0.054612 0.319578
5 0.655553 0.784900 0.219206 0.095733
2 0.633175 0.546228 0.066750 0.098433
2 0.614216 0.614322 0.031856 0.231933
2 0.657828 0.717478 0.119081 0.063378
2 0.955506 0.602183 0.088988 0.087656
2 0.921784 0.220850 0.094056 0.098433
2 0.917156 0.430528 0.163837 0.287211
2 0.562181 0.065100 0.043987 0.063378
2 0.678612 0.236356 0.035650 0.079556
5 0.659269 0.130506 0.147150 0.183389
5 0.600484 0.210733 0.097844 0.222489
5 0.329703 0.067128 0.232856 0.064722
2 0.325531 0.128478 0.210862 0.079556
2 0.208722 0.291639 0.071294 0.103833
2 0.437028 0.307144 0.078881 0.134844
2 0.192034 0.590317 0.069781 0.186078
2 0.431719 0.602450 0.080400 0.213056
11 0.362594 0.458500 0.030725 0.047600
2 0.034003 0.336206 0.048044 0.096633
2 0.052650 0.192372 0.051200 0.121367
2 0.029253 0.036183 0.043719 0.071167
2 0.909244 0.804117 0.041713 0.112367
2 0.835606 0.968917 0.044875 0.062167
2 0.527781 0.909744 0.148537 0.103378
5 0.311928 0.552406 0.160544 0.206767
5 0.323306 0.309128 0.145375 0.151700
2 0.068453 0.914794 0.120094 0.120233
