7 0.541762 0.385328 0.087225 0.064722
0 0.482944 0.476956 0.071375 0.218578
4 0.541762 0.528261 0.076613 0.148322
2 0.575516 0.725811 0.144119 0.152378
2 0.396912 0.516278 0.078075 0.181000
2 0.718491 0.499944 0.113019 0.261600
2 0.949456 0.516806 0.092538 0.195522
4 0.975069 0.648206 0.049862 0.159256
5 0.842506 0.507367 0.118325 0.146978
2 0.832228 0.211989 0.125231 0.184867
2 0.707825 0.080722 0.116100 0.161444
2 0.575478 0.250417 0.142669 0.151167
5 0.470806 0.067706 0.194250 0.114744
2 0.263738 0.279406 0.144188 0.254989
2 0.225394 0.893094 0.091925 0.187700
4 0.155766 0.817044 0.052794 0.100333
5 0.087044 0.861539 0.082825 0.266989
5 0.622191 0.900400 0.137794 0.199200
5 0.351375 0.685622 0.094812 0.156378
