2 0.444997 0.413617 0.084231 0.158456
6 0.500000 0.969628 1.000000 0.060744
14 0.113847 0.188744 0.227694 0.129667
5 0.470616 0.111817 0.105081 0.213189
2 0.187909 0.186367 0.083081 0.298022
2 0.306591 0.079550 0.160219 0.152967
0 0.509931 0.441706 0.066762 0.235167
2 0.608216 0.758411 0.095194 0.186822
2 0.179572 0.587739 0.115569 0.168900
2 0.897309 0.470172 0.138219 0.376100
2 0.906781 0.835617 0.104600 0.188056
2 0.853734 0.080378 0.081619 0.111733
1 0.652466 0.071278 0.064706 0.142556
1 0.685294 0.099311 0.044400 0.165422
