5 0.100625 0.334239 0.084275 0.088967
1 0.074203 0.895033 0.084069 0.209933
0 0.502837 0.302217 0.079537 0.206011
2 0.482822 0.470956 0.079531 0.157311
2 0.669431 0.767367 0.131975 0.283178
5 0.598806 0.362800 0.075325 0.137644
2 0.898497 0.849972 0.107706 0.300056
5 0.232522 0.742517 0.168544 0.471011
5 0.459772 0.827261 0.214906 0.153944
5 0.524244 0.605333 0.078375 0.188778
5 0.861144 0.580611 0.199737 0.150578
5 0.771703 0.389017 0.123256 0.201144
5 0.068453 0.442733 0.136906 0.202267
5 0.040009 0.806811 0.080019 0.231489
5 0.233888 0.332367 0.042138 0.083333
