2 0.192197 0.971783 0.040819 0.056433
2 0.573400 0.360150 0.138713 0.149522
2 0.831712 0.348500 0.141987 0.215533
2 0.710472 0.643644 0.104856 0.258244
2 0.371878 0.696072 0.131069 0.238833
2 0.264294 0.429078 0.121238 0.287378
2 0.807684 0.942694 0.093931 0.114611
2 0.953494 0.719378 0.066625 0.281556
2 0.680819 0.179472 0.049262 0.213789
2 0.726147 0.133839 0.111519 0.072033
5 0.461278 0.182389 0.189069 0.196311
5 0.856178 0.641700 0.131069 0.143689
4 0.539428 0.671800 0.078644 0.176711
4 0.979422 0.782478 0.041156 0.133978
16 0.983463 0.862767 0.026850 0.063400
1 0.956775 0.945878 0.086262 0.108244
2 0.578019 0.899083 0.137288 0.179344
4 0.145888 0.948389 0.049162 0.103222
5 0.066000 0.937833 0.048287 0.124333
2 0.150606 0.108006 0.077300 0.149122
2 0.865175 0.107483 0.148650 0.126878
2 0.723363 0.080217 0.132050 0.094944
