0 0.399625 0.452189 0.103762 0.275733
2 0.574925 0.419183 0.133250 0.151456
2 0.705997 0.226944 0.120144 0.236889
2 0.845253 0.398789 0.125606 0.211644
2 0.734938 0.707528 0.156187 0.269900
2 0.959491 0.774517 0.081019 0.283500
2 0.382694 0.758011 0.146362 0.266022
2 0.254466 0.469667 0.129981 0.302911
2 0.448828 0.051217 0.116981 0.091256
0 0.855631 0.038594 0.056800 0.073789
2 0.583228 0.897822 0.147456 0.102911
5 0.839247 0.664806 0.148544 0.079611
5 0.933725 0.046483 0.110312 0.092967
5 0.463025 0.225006 0.208725 0.170878
5 0.376141 0.923061 0.135431 0.099033
5 0.864209 0.744956 0.109981 0.073044
