2 0.502609 0.902994 0.052794 0.194011
14 0.108003 0.184600 0.216006 0.143689
11 0.418616 0.428289 0.036044 0.087378
0 0.507634 0.444789 0.083006 0.267956
5 0.746834 0.281683 0.246844 0.166989
2 0.564428 0.108867 0.078644 0.201933
2 0.653447 0.836050 0.261044 0.176700
2 0.911106 0.687506 0.129975 0.339811
5 0.699759 0.635078 0.131069 0.200000
2 0.820753 0.421767 0.051581 0.089000
2 0.623541 0.518178 0.048544 0.087644
2 0.296613 0.564400 0.123425 0.297089
2 0.177016 0.928317 0.238106 0.143367
2 0.054141 0.327506 0.108131 0.141744
2 0.276406 0.296439 0.196600 0.067967
2 0.359963 0.228478 0.038225 0.091267
2 0.466656 0.970956 0.126512 0.058089
