7 0.535875 0.369244 0.056887 0.051689
4 0.538403 0.510267 0.054356 0.149444
0 0.493462 0.460461 0.071300 0.253500
2 0.797997 0.446978 0.135769 0.302044
6 0.044966 0.492089 0.089931 0.984178
2 0.503062 0.246767 0.188413 0.228156
2 0.749272 0.169094 0.205706 0.131078
2 0.708191 0.800272 0.226794 0.283167
4 0.942744 0.280022 0.064475 0.130356
5 0.938634 0.438461 0.077744 0.231478
5 0.847931 0.095733 0.077113 0.184289
5 0.327419 0.401478 0.075837 0.182067
5 0.252197 0.213833 0.077119 0.222489
5 0.404528 0.092311 0.146644 0.184622
2 0.300044 0.610544 0.130463 0.148333
5 0.445266 0.873300 0.134706 0.231400
5 0.180856 0.743850 0.073725 0.211967
5 0.600362 0.571517 0.073725 0.205500
5 0.557588 0.653239 0.079188 0.152100
2 0.964116 0.769661 0.071769 0.258900
5 0.951600 0.951578 0.096800 0.096844
