7 0.459984 0.285122 0.058994 0.039333
7 0.507128 0.302917 0.063731 0.043078
4 0.506181 0.453117 0.042138 0.077722
1 0.458775 0.408633 0.055838 0.183533
0 0.521456 0.473250 0.062150 0.247211
2 0.541787 0.135389 0.111663 0.121733
2 0.599728 0.247289 0.084281 0.197578
2 0.663462 0.358722 0.114825 0.163867
2 0.850453 0.138194 0.085331 0.185411
5 0.761962 0.394778 0.081112 0.207889
2 0.777766 0.684600 0.086381 0.371756
2 0.822009 0.829267 0.179094 0.168556
2 0.929884 0.373711 0.103769 0.067422
5 0.960069 0.505739 0.079862 0.206011
5 0.386681 0.359928 0.413225 0.145633
5 0.159131 0.389050 0.043688 0.080900
5 0.140291 0.676917 0.203881 0.103567
5 0.278337 0.817906 0.163837 0.169900
2 0.020084 0.751833 0.040169 0.256200
2 0.119812 0.811167 0.144113 0.142933
2 0.446662 0.584400 0.079537 0.166689
14 0.105988 0.185222 0.209812 0.087400
2 0.219688 0.205094 0.160625 0.262922
2 0.118497 0.114994 0.052231 0.049944
2 0.357722 0.085339 0.040819 0.071789
5 0.522587 0.242028 0.072862 0.084278
