9 0.785006 0.814111 0.069750 0.126133
14 0.892100 0.168561 0.210163 0.159344
11 0.562081 0.256444 0.038250 0.071533
7 0.455066 0.334611 0.060119 0.044156
2 0.046819 0.405233 0.086975 0.165267
2 0.156828 0.628383 0.086969 0.165278
2 0.927063 0.639517 0.144750 0.165278
2 0.802175 0.569867 0.237775 0.165267
2 0.641563 0.515889 0.163375 0.165267
2 0.770037 0.038611 0.086975 0.077222
2 0.266437 0.412478 0.124500 0.165267
2 0.372553 0.126611 0.086969 0.208778
1 0.441400 0.450322 0.056638 0.219044
0 0.504500 0.451644 0.058625 0.237600
2 0.131444 0.930839 0.086975 0.138322
