11 0.425084 0.647172 0.033981 0.049811
2 0.777206 0.018867 0.113912 0.037733
2 0.412119 0.060278 0.078012 0.120556
2 0.212537 0.053750 0.111425 0.107500
2 0.057687 0.887261 0.086975 0.165278
2 0.179134 0.641750 0.128106 0.165278
2 0.294709 0.330172 0.086969 0.212322
2 0.709987 0.203917 0.086975 0.165278
2 0.843478 0.526717 0.086969 0.165278
2 0.910397 0.892367 0.170206 0.165267
2 0.734934 0.827072 0.255131 0.165278
8 0.484406 0.337789 0.052462 0.059356
0 0.489472 0.451733 0.073331 0.166400
1 0.347581 0.507372 0.062600 0.209856
14 0.107778 0.194106 0.215556 0.135833
2 0.566778 0.764678 0.168569 0.165267
