14 0.109259 0.175467 0.218519 0.139800
5 0.404525 0.280906 0.080825 0.234944
0 0.405072 0.466367 0.077544 0.240822
4 0.689053 0.606150 0.053519 0.147567
2 0.946378 0.526539 0.107244 0.299033
2 0.882378 0.877994 0.206431 0.236900
2 0.644053 0.332944 0.190044 0.233000
2 0.897391 0.241683 0.205219 0.135922
2 0.952609 0.035389 0.086281 0.070778
5 0.342053 0.837800 0.090656 0.221356
2 0.458372 0.701856 0.131069 0.166956
5 0.624941 0.934883 0.127794 0.120389
5 0.544753 0.118122 0.125606 0.236244
2 0.232541 0.662728 0.081156 0.111922
