5 0.880744 0.394178 0.116513 0.149200
5 0.411716 0.861428 0.121569 0.274256
2 0.196163 0.501789 0.082413 0.163311
5 0.043359 0.497606 0.082419 0.144567
1 0.105941 0.071550 0.074181 0.143100
16 0.540969 0.248356 0.047213 0.080889
5 0.647641 0.963383 0.082419 0.073233
5 0.073272 0.812439 0.116419 0.283767
5 0.361109 0.431722 0.082419 0.105311
2 0.290934 0.264567 0.075419 0.215911
2 0.698281 0.259761 0.091675 0.217300
2 0.519631 0.807200 0.086975 0.167156
2 0.620122 0.566911 0.128106 0.158800
2 0.191128 0.055411 0.082419 0.105311
2 0.381531 0.561689 0.125762 0.169244
2 0.960794 0.671378 0.078413 0.167156
1 0.600306 0.049322 0.047338 0.089956
5 0.406097 0.090322 0.082419 0.105311
5 0.636266 0.428111 0.082419 0.105311
5 0.781716 0.241811 0.069694 0.105311
5 0.213625 0.291417 0.061875 0.120944
5 0.837247 0.619833 0.163506 0.145000
