1 0.046997 0.719200 0.077331 0.256311
0 0.495247 0.482689 0.082569 0.221356
1 0.281606 0.931833 0.074712 0.136333
1 0.337966 0.946978 0.058981 0.106044
2 0.704300 0.610850 0.173012 0.118833
2 0.318950 0.327733 0.094350 0.083867
2 0.514250 0.385994 0.089125 0.149122
5 0.412019 0.376672 0.115337 0.163100
5 0.316994 0.409294 0.082575 0.102522
3 0.951762 0.677256 0.070263 0.116511
3 0.071897 0.679583 0.074706 0.083878
2 0.845200 0.129683 0.069463 0.251656
2 0.799978 0.097461 0.076019 0.194922
5 0.519494 0.043467 0.233300 0.079222
5 0.722650 0.840361 0.089125 0.153789
5 0.301269 0.848517 0.098300 0.156122
2 0.311097 0.745994 0.246406 0.137478
2 0.712819 0.737839 0.252963 0.139811
2 0.194444 0.874144 0.125825 0.128156
2 0.110563 0.939989 0.125825 0.120022
2 0.827506 0.870656 0.133688 0.144467
2 0.914009 0.932994 0.131069 0.134011
2 0.227869 0.100556 0.066850 0.179422
14 0.111872 0.180944 0.220194 0.167778
