1 0.344200 0.267050 0.075850 0.214633
1 0.240225 0.563144 0.072688 0.238222
1 0.302481 0.662028 0.058150 0.222500
16 0.356209 0.424928 0.027806 0.044944
16 0.308487 0.470994 0.024650 0.042700
16 0.280991 0.532806 0.025281 0.026967
16 0.546106 0.539456 0.077425 0.046822
0 0.500703 0.449539 0.073956 0.283167
2 0.663425 0.328561 0.135012 0.215744
2 0.763166 0.167422 0.117569 0.198222
2 0.796078 0.157850 0.177656 0.228144
2 0.889684 0.718122 0.087231 0.361378
2 0.840381 0.678339 0.065988 0.368122
5 0.763394 0.691156 0.106188 0.418022
5 0.404628 0.694528 0.197206 0.368122
5 0.036884 0.695200 0.073769 0.382956
2 0.160688 0.326533 0.124412 0.202267
2 0.057462 0.162567 0.108463 0.178000
2 0.409025 0.073572 0.229063 0.102478
5 0.393856 0.196283 0.203275 0.124056
9 0.781534 0.807211 0.064469 0.101133
