1 0.674578 0.097933 0.061706 0.188044
0 0.502884 0.431894 0.078356 0.266411
2 0.370766 0.131433 0.080481 0.146111
2 0.093600 0.939856 0.099763 0.120289
5 0.373347 0.263378 0.137969 0.158244
2 0.035616 0.317933 0.071231 0.269644
2 0.018613 0.710311 0.037225 0.178956
2 0.566269 0.941100 0.093050 0.117800
2 0.210916 0.653900 0.140056 0.163667
2 0.459691 0.654772 0.130269 0.165411
2 0.978572 0.110817 0.042856 0.052233
2 0.963881 0.211806 0.072237 0.146256
2 0.882219 0.273617 0.192950 0.179344
2 0.752444 0.329339 0.088150 0.172389
2 0.685841 0.656683 0.090106 0.189789
