0 0.505409 0.467850 0.075119 0.258189
4 0.482172 0.626594 0.039844 0.074433
11 0.261322 0.279478 0.042144 0.082711
5 0.386634 0.589183 0.150181 0.275078
5 0.884891 0.563561 0.227544 0.132144
5 0.901106 0.939778 0.197788 0.118667
14 0.110200 0.177756 0.220400 0.120244
5 0.249791 0.108089 0.135894 0.194400
2 0.034103 0.545039 0.068206 0.110033
2 0.053531 0.387439 0.049300 0.213500
2 0.024772 0.303722 0.046144 0.133711
2 0.089972 0.051456 0.179944 0.067422
2 0.954981 0.243722 0.070375 0.153889
2 0.482325 0.125161 0.146838 0.201878
2 0.882200 0.758744 0.160875 0.245622
2 0.838547 0.184422 0.154794 0.132622
2 0.725078 0.246928 0.075769 0.152456
2 0.289678 0.854178 0.512706 0.276111
5 0.662281 0.626661 0.225600 0.271300
5 0.194025 0.464583 0.235225 0.486233
5 0.679025 0.875972 0.244187 0.247167
