11 0.428900 0.430772 0.061437 0.074167
11 0.460603 0.554017 0.037169 0.094389
2 0.712422 0.311978 0.114531 0.146978
2 0.669569 0.616722 0.110738 0.227889
2 0.922147 0.386139 0.115294 0.222500
2 0.846678 0.754933 0.190381 0.188778
2 0.542869 0.944228 0.128338 0.103567
2 0.190169 0.951511 0.187500 0.095467
6 0.078069 0.501239 0.141988 0.997522
2 0.355497 0.237428 0.122331 0.217478
2 0.609116 0.118211 0.310194 0.122333
2 0.956881 0.101706 0.081912 0.116500
5 0.800200 0.909472 0.179237 0.155344
5 0.965606 0.669667 0.068787 0.262133
