1 0.419897 0.313322 0.065531 0.249311
1 0.228534 0.610400 0.083881 0.284267
16 0.461838 0.449628 0.062912 0.130478
0 0.497163 0.489239 0.076150 0.228344
8 0.502469 0.337783 0.070775 0.083878
7 0.424484 0.183994 0.093056 0.083878
5 0.825550 0.382056 0.087813 0.158444
5 0.637478 0.576594 0.159919 0.100144
2 0.642709 0.486906 0.159906 0.107189
2 0.810478 0.173511 0.170394 0.132822
2 0.823584 0.297006 0.233306 0.114167
2 0.923853 0.400694 0.114031 0.102522
2 0.976672 0.478750 0.046656 0.132811
2 0.932372 0.516033 0.060294 0.179422
2 0.970772 0.915644 0.058456 0.153778
0 0.643369 0.923800 0.153350 0.109511
4 0.619775 0.788656 0.069462 0.100200
2 0.267203 0.887683 0.184806 0.139811
2 0.038488 0.721083 0.070775 0.156122
2 0.327494 0.948500 0.064225 0.103000
2 0.340597 0.525350 0.048494 0.230678
2 0.279653 0.583606 0.146794 0.076900
5 0.071909 0.139722 0.140244 0.116511
14 0.107956 0.186322 0.207087 0.079222
3 0.225194 0.241083 0.077463 0.100189
9 0.777709 0.808461 0.123206 0.205056
10 0.853731 0.920306 0.065538 0.125833
