7 0.417169 0.283956 0.064475 0.061800
1 0.405391 0.412806 0.071106 0.241589
0 0.512319 0.448389 0.064787 0.256578
2 0.730913 0.350061 0.105875 0.200389
2 0.872603 0.288728 0.061631 0.199456
2 0.932650 0.356150 0.132212 0.072100
2 0.981469 0.277028 0.037062 0.078656
2 0.822303 0.078033 0.115881 0.113311
2 0.971987 0.089272 0.056025 0.085211
2 0.605812 0.099106 0.183300 0.191033
5 0.404866 0.188528 0.074269 0.145144
5 0.184166 0.166528 0.139581 0.127344
6 0.047572 0.500000 0.087356 1.000000
2 0.187662 0.641289 0.099237 0.150578
2 0.356112 0.653083 0.087225 0.185411
2 0.517609 0.659267 0.086594 0.152822
2 0.673731 0.659828 0.090388 0.156189
2 0.684475 0.904233 0.089125 0.150578
2 0.517925 0.909850 0.084700 0.159567
2 0.346316 0.894683 0.084069 0.138211
2 0.175966 0.917717 0.091019 0.161811
5 0.430697 0.905917 0.079644 0.151700
5 0.603884 0.934572 0.088494 0.092144
5 0.734094 0.982456 0.262950 0.035089
2 0.857034 0.900300 0.095444 0.147200
2 0.893956 0.658011 0.212087 0.186089
4 0.974556 0.188422 0.050888 0.103000
2 0.337619 0.057167 0.077250 0.073356
2 0.608450 0.058339 0.099200 0.063211
5 0.289172 0.422506 0.070794 0.255078
5 0.593700 0.288306 0.152312 0.085833
5 0.537294 0.349172 0.121150 0.078033
5 0.438028 0.658194 0.081156 0.146700
5 0.161494 0.774672 0.121987 0.149456
5 0.254613 0.719656 0.037675 0.150867
5 0.351753 0.114994 0.039506 0.120167
