2 0.684622 0.897994 0.100519 0.204011
2 0.971463 0.569872 0.057075 0.258211
2 0.742866 0.590572 0.199681 0.276233
2 0.529422 0.089928 0.203769 0.179856
2 0.786003 0.034800 0.188094 0.069600
4 0.853038 0.846644 0.108175 0.167889
1 0.742806 0.178144 0.072975 0.198422
7 0.596200 0.287244 0.052937 0.050867
8 0.509991 0.335578 0.050794 0.086489
0 0.499691 0.472222 0.067994 0.168489
14 0.114034 0.168961 0.218069 0.097589
6 0.066556 0.500744 0.129062 0.998511
2 0.834491 0.245722 0.101081 0.266933
2 0.345962 0.415133 0.116537 0.149022
