0 0.492141 0.425078 0.072819 0.279933
2 0.618656 0.422656 0.187500 0.142400
5 0.692841 0.269744 0.115594 0.150489
5 0.736528 0.422656 0.040956 0.132689
5 0.628672 0.546439 0.178394 0.076056
5 0.705584 0.626539 0.126519 0.080900
5 0.725150 0.681550 0.094663 0.064722
5 0.848938 0.609544 0.092837 0.208733
2 0.847575 0.412161 0.053700 0.157011
5 0.912197 0.152428 0.101031 0.252433
2 0.679641 0.046439 0.045506 0.082522
2 0.572694 0.077183 0.053700 0.108411
2 0.473028 0.142717 0.058256 0.103567
2 0.320116 0.088517 0.047331 0.092233
2 0.133981 0.133817 0.050062 0.082522
2 0.056612 0.284306 0.053700 0.088989
2 0.026578 0.566667 0.051881 0.090622
2 0.270056 0.328806 0.103763 0.275078
