14 0.110606 0.174500 0.218450 0.137867
2 0.358544 0.282267 0.137625 0.128156
2 0.273894 0.365761 0.086288 0.116500
2 0.599925 0.257022 0.187863 0.116511
2 0.644163 0.497800 0.114688 0.260200
2 0.533303 0.872556 0.211894 0.229133
4 0.787791 0.345372 0.065531 0.126211
11 0.917219 0.392939 0.066625 0.135922
2 0.829841 0.857994 0.127794 0.242722
2 0.937037 0.760906 0.125925 0.126211
5 0.781691 0.503072 0.085706 0.245411
5 0.835163 0.370928 0.051575 0.215744
5 0.969919 0.215861 0.060162 0.107878
5 0.695219 0.157200 0.078125 0.184733
2 0.865503 0.079667 0.084956 0.151022
2 0.669812 0.028372 0.118325 0.056744
5 0.385300 0.684167 0.138050 0.291267
5 0.273803 0.921489 0.136531 0.134844
2 0.121344 0.688217 0.116813 0.153722
5 0.160741 0.463111 0.085556 0.210356
5 0.245844 0.129611 0.130162 0.259222
5 0.022253 0.828994 0.044506 0.221144
