9 0.784800 0.812567 0.056638 0.111289
4 0.805963 0.842778 0.048888 0.133556
2 0.245125 0.922722 0.485850 0.154556
16 0.787006 0.531061 0.046500 0.089033
1 0.707950 0.398533 0.065825 0.209867
11 0.607431 0.463400 0.036487 0.092844
0 0.504409 0.458311 0.072256 0.283622
2 0.393731 0.308944 0.113325 0.347978
2 0.636694 0.168533 0.073837 0.100733
5 0.935106 0.331833 0.129788 0.201467
5 0.841450 0.433333 0.078125 0.187733
5 0.871066 0.585961 0.044644 0.117522
2 0.077147 0.207911 0.154294 0.067156
2 0.125963 0.270483 0.048075 0.207567
