5 0.845719 0.864339 0.106825 0.177544
4 0.615838 0.634628 0.050063 0.108411
4 0.728700 0.602267 0.064625 0.134311
4 0.831553 0.650000 0.051881 0.155333
2 0.937138 0.657283 0.044600 0.127833
2 0.919844 0.400000 0.048237 0.105178
2 0.470206 0.796439 0.119237 0.260522
4 0.218994 0.860356 0.050063 0.148867
5 0.278609 0.912944 0.072819 0.166667
5 0.159375 0.271361 0.167475 0.440122
5 0.349150 0.281067 0.157463 0.119733
2 0.515716 0.246278 0.102856 0.247578
2 0.690931 0.325567 0.069175 0.279933
2 0.887075 0.197739 0.195687 0.189322
5 0.607084 0.795689 0.077369 0.235978
2 0.441125 0.545439 0.183938 0.078656
2 0.195500 0.606122 0.180775 0.168556
5 0.033403 0.754894 0.066806 0.179789
2 0.029197 0.947611 0.057519 0.097756
1 0.027053 0.341939 0.054106 0.189900
5 0.007772 0.552628 0.015544 0.182033
5 0.047047 0.046572 0.094094 0.090833
5 0.678347 0.112478 0.163706 0.105622
5 0.871447 0.042811 0.195944 0.085400
5 0.873481 0.508289 0.206300 0.086622
5 0.530944 0.445094 0.072687 0.153944
2 0.363444 0.416322 0.064475 0.075289
5 0.402284 0.136000 0.065319 0.157311
2 0.374103 0.049272 0.056356 0.098544
