2 0.031694 0.885356 0.063387 0.177089
3 0.220006 0.369683 0.064225 0.107189
4 0.627625 0.940556 0.072087 0.102533
2 0.451350 0.309822 0.152037 0.097867
2 0.817684 0.300500 0.166456 0.135156
5 0.840622 0.516033 0.083881 0.156111
5 0.644678 0.719917 0.166456 0.088544
2 0.642056 0.633706 0.163837 0.083878
2 0.630259 0.088461 0.072081 0.130478
2 0.447419 0.043022 0.078637 0.067578
2 0.163003 0.280694 0.041944 0.151456
5 0.072325 0.297006 0.144650 0.156122
2 0.273753 0.718756 0.150731 0.076889
2 0.337978 0.630206 0.043256 0.137478
16 0.260650 0.484578 0.045875 0.088533
1 0.172178 0.613894 0.078644 0.165433
1 0.521472 0.655811 0.074706 0.230733
1 0.418588 0.538167 0.081262 0.209711
7 0.419241 0.377394 0.077331 0.055922
0 0.499847 0.454283 0.065531 0.228344
2 0.948753 0.657006 0.051119 0.200389
2 0.967497 0.718756 0.065006 0.081556
5 0.540478 0.091956 0.096994 0.137467
5 0.451350 0.126911 0.089125 0.076889
5 0.127547 0.022094 0.078769 0.044189
5 0.033662 0.768850 0.067325 0.069900
