2 0.814303 0.527211 0.131219 0.337111
14 0.108622 0.178550 0.217244 0.112367
4 0.245369 0.203272 0.052462 0.121367
1 0.269072 0.155517 0.054356 0.201144
2 0.333863 0.168433 0.072688 0.152822
2 0.332281 0.382500 0.082175 0.162933
2 0.178056 0.372389 0.077113 0.133711
2 0.031191 0.376883 0.062381 0.156189
2 0.163200 0.606683 0.084062 0.179789
2 0.027303 0.615672 0.044881 0.159567
2 0.324697 0.602744 0.083431 0.165178
2 0.148031 0.851083 0.091650 0.178678
2 0.312688 0.856700 0.085963 0.178667
5 0.440366 0.814000 0.178244 0.228111
2 0.586063 0.767367 0.049937 0.114622
2 0.466597 0.643761 0.057519 0.103389
2 0.581006 0.467339 0.043612 0.094389
2 0.655591 0.310589 0.044881 0.093267
2 0.843950 0.251589 0.049938 0.096644
2 0.977950 0.104383 0.037287 0.094389
2 0.759253 0.099894 0.047406 0.096633
2 0.612294 0.151017 0.048038 0.102256
4 0.469125 0.183044 0.060050 0.130356
2 0.395172 0.154389 0.038556 0.095511
5 0.429622 0.270356 0.106194 0.114622
5 0.713931 0.213050 0.142212 0.107878
5 0.116109 0.464772 0.194369 0.069300
2 0.420563 0.029656 0.487225 0.059311
0 0.503628 0.463928 0.070581 0.219122
2 0.777794 0.892339 0.094288 0.085211
5 0.069775 0.557839 0.106662 0.104567
