2 0.376181 0.123283 0.141137 0.165278
16 0.125153 0.460850 0.068681 0.209856
1 0.107269 0.184850 0.057237 0.189500
1 0.183103 0.518083 0.047219 0.171700
7 0.524969 0.352806 0.062600 0.051233
0 0.490687 0.451733 0.054650 0.208444
4 0.530928 0.467633 0.057631 0.125422
11 0.672081 0.816333 0.058625 0.065356
1 0.696134 0.245533 0.045956 0.133222
2 0.169816 0.184772 0.086969 0.165278
2 0.797997 0.126128 0.086969 0.165278
2 0.597900 0.117289 0.117450 0.123200
2 0.274631 0.407594 0.086975 0.210367
2 0.176469 0.673894 0.086975 0.165278
2 0.964219 0.854428 0.071563 0.165278
2 0.511575 0.949078 0.086975 0.101844
2 0.609750 0.734072 0.131000 0.165278
2 0.357563 0.734072 0.141125 0.165278
