2 0.596228 0.167494 0.086969 0.165278
6 0.095631 0.500822 0.191263 0.998356
14 0.109272 0.180983 0.212056 0.114478
0 0.493028 0.442733 0.086706 0.216733
9 0.784441 0.813433 0.067994 0.113556
2 0.445788 0.472550 0.086975 0.165278
2 0.707884 0.393150 0.086969 0.165278
2 0.858325 0.290772 0.086975 0.165278
2 0.871253 0.082228 0.086969 0.164456
2 0.289469 0.334650 0.086975 0.165278
2 0.432859 0.863283 0.086969 0.165278
2 0.646769 0.681494 0.086975 0.165278
2 0.741969 0.964494 0.086975 0.071011
2 0.848922 0.783883 0.086969 0.165278
2 0.826591 0.604183 0.086969 0.165278
2 0.942950 0.600006 0.086975 0.165278
2 0.956781 0.792239 0.086437 0.165278
2 0.171953 0.662722 0.138656 0.236333
