11 0.514666 0.514044 0.046119 0.085489
7 0.549503 0.398028 0.054956 0.052344
2 0.606788 0.145889 0.082275 0.162978
2 0.852219 0.620022 0.082275 0.162978
2 0.603144 0.402967 0.082275 0.162978
2 0.332087 0.811033 0.082275 0.162978
2 0.478206 0.023244 0.116213 0.046489
2 0.690859 0.019478 0.120406 0.038956
14 0.113734 0.175028 0.212144 0.171433
2 0.617794 0.899506 0.082275 0.200989
2 0.175806 0.476767 0.082275 0.162978
1 0.133031 0.827950 0.082275 0.205656
11 0.559806 0.596044 0.038275 0.064556
2 0.979959 0.058417 0.040081 0.116833
