2 0.325366 0.363489 0.087506 0.171556
14 0.115331 0.183783 0.230662 0.167744
0 0.514606 0.460706 0.076550 0.246856
4 0.654034 0.453783 0.060094 0.146522
8 0.518819 0.366789 0.036912 0.042733
2 0.332428 0.166700 0.087506 0.171556
2 0.165206 0.373956 0.087500 0.171556
2 0.025578 0.363489 0.051156 0.171556
2 0.017925 0.604244 0.035850 0.171556
2 0.152253 0.597967 0.087506 0.171556
2 0.318297 0.597967 0.087506 0.171556
2 0.476100 0.593778 0.087500 0.171556
2 0.470213 0.363489 0.087500 0.171556
2 0.628012 0.350933 0.087500 0.171556
2 0.636256 0.589589 0.087500 0.171556
2 0.134122 0.846811 0.087506 0.171556
2 0.303700 0.839267 0.087500 0.171556
2 0.470453 0.841778 0.087506 0.171556
2 0.642856 0.846811 0.087500 0.171556
2 0.808594 0.518889 0.044563 0.069778
2 0.691988 0.159867 0.518525 0.171556
2 0.919250 0.348278 0.045125 0.083667
2 0.966594 0.516778 0.036188 0.081556
2 0.904969 0.696333 0.039813 0.080667
2 0.696641 0.639222 0.036969 0.089778
2 0.789813 0.888778 0.045375 0.084889
2 0.685769 0.353500 0.036962 0.081667
2 0.680331 0.050983 0.168462 0.075589
