4 0.697953 0.254289 0.064469 0.129444
4 0.687559 0.509711 0.114681 0.150489
2 0.806797 0.289122 0.120144 0.394244
2 0.757191 0.415856 0.244844 0.095467
2 0.956191 0.173950 0.087619 0.233011
2 0.978034 0.563917 0.043931 0.294500
2 0.270691 0.346278 0.198419 0.305822
5 0.225181 0.661000 0.158375 0.132689
5 0.049516 0.517800 0.080094 0.221689
2 0.277975 0.076700 0.147450 0.126222
1 0.502062 0.103078 0.064625 0.202267
2 0.504794 0.377350 0.115600 0.145633
2 0.549303 0.634628 0.046419 0.231389
2 0.683100 0.701783 0.257587 0.090611
2 0.827366 0.637056 0.061894 0.233000
2 0.684466 0.623300 0.092844 0.114889
2 0.738169 0.886244 0.192963 0.097089
2 0.419281 0.693383 0.064488 0.234878
2 0.390184 0.775861 0.147844 0.137011
5 0.653503 0.146411 0.113019 0.194178
