0 0.491869 0.484789 0.082825 0.195800
7 0.470481 0.333494 0.069175 0.071189
4 0.500059 0.207283 0.090106 0.155344
4 0.208344 0.240450 0.107400 0.134300
16 0.139262 0.138094 0.045213 0.043700
16 0.080222 0.132633 0.048281 0.054622
16 0.021237 0.114683 0.042475 0.049944
2 0.823028 0.535706 0.091019 0.298011
2 0.863409 0.170872 0.199331 0.313922
2 0.639978 0.257100 0.118831 0.341600
2 0.535053 0.383511 0.117569 0.088778
2 0.336897 0.364972 0.116931 0.141589
2 0.048034 0.337456 0.073956 0.322467
2 0.149178 0.398683 0.111894 0.173056
2 0.205081 0.671900 0.118325 0.196867
2 0.382191 0.062406 0.108469 0.059322
5 0.415944 0.139267 0.253337 0.107867
2 0.127713 0.067800 0.194175 0.126756
2 0.372256 0.608117 0.044750 0.213056
2 0.964684 0.550811 0.070631 0.252156
2 0.958616 0.895333 0.082769 0.199578
2 0.550484 0.955339 0.600731 0.089322
2 0.124713 0.961328 0.104700 0.076056
