2 0.768916 0.386694 0.137619 0.279611
1 0.245297 0.628156 0.076456 0.223311
7 0.248028 0.493044 0.060069 0.050156
0 0.500366 0.475972 0.084194 0.246767
2 0.593287 0.121061 0.087813 0.167767
2 0.960150 0.485722 0.079700 0.309911
14 0.110853 0.176983 0.221706 0.139811
2 0.409134 0.832906 0.204469 0.198056
2 0.690931 0.759506 0.230675 0.149122
5 0.346878 0.291161 0.121894 0.181744
5 0.323941 0.569606 0.078644 0.328544
5 0.382266 0.587078 0.043256 0.093200
5 0.130616 0.450767 0.085194 0.146800
5 0.175834 0.362228 0.078644 0.090878
5 0.631887 0.229339 0.069025 0.137544
5 0.639409 0.472956 0.069531 0.077533
5 0.803812 0.605556 0.077750 0.123600
5 0.827200 0.713994 0.044875 0.070789
4 0.914428 0.860639 0.067631 0.128100
5 0.220719 0.961078 0.088487 0.073978
5 0.125378 0.797672 0.123256 0.151700
5 0.151981 0.693728 0.082700 0.065544
5 0.121694 0.906761 0.042137 0.068367
5 0.700537 0.030483 0.075938 0.051500
5 0.846488 0.075717 0.079887 0.151433
5 0.911012 0.231033 0.121150 0.127978
