2 0.315312 0.764122 0.258750 0.427756
2 0.536050 0.266500 0.132400 0.298111
4 0.516584 0.793933 0.106581 0.142444
4 0.234616 0.729894 0.108019 0.142456
4 0.952175 0.739978 0.053437 0.173600
2 0.704056 0.403794 0.053437 0.096256
2 0.623091 0.676278 0.212944 0.368778
2 0.810781 0.343556 0.053437 0.095111
2 0.228281 0.449667 0.385687 0.246222
1 0.261347 0.174944 0.087806 0.142444
0 0.494000 0.468861 0.062000 0.275278
4 0.150581 0.034556 0.053437 0.069111
4 0.258328 0.036056 0.064594 0.069111
2 0.860947 0.738133 0.140981 0.476622
5 0.926238 0.334278 0.137900 0.296778
5 0.362809 0.218389 0.121256 0.180556
2 0.794687 0.084617 0.053437 0.083233
