5 0.692931 0.788378 0.091775 0.222489
5 0.212422 0.409661 0.077956 0.137656
2 0.045403 0.535422 0.075306 0.068356
5 0.179884 0.046428 0.189619 0.092856
2 0.899997 0.758033 0.088744 0.186089
5 0.892038 0.639372 0.075850 0.062033
5 0.812394 0.727700 0.087987 0.214400
5 0.607600 0.852428 0.084950 0.080900
2 0.604944 0.722306 0.091775 0.182033
5 0.592163 0.184233 0.147275 0.146089
2 0.501775 0.188167 0.043612 0.158444
2 0.706950 0.271656 0.138425 0.070800
2 0.765419 0.137233 0.040450 0.274467
1 0.945212 0.918522 0.083750 0.162956
4 0.978531 0.744806 0.042938 0.191967
3 0.815691 0.219200 0.073744 0.087089
4 0.446188 0.267422 0.061625 0.089889
0 0.423800 0.310033 0.055838 0.100200
0 0.500175 0.467817 0.068475 0.220989
4 0.025078 0.735967 0.050156 0.287667
2 0.307669 0.549661 0.056887 0.189900
2 0.356969 0.609211 0.142850 0.091022
2 0.346856 0.913739 0.151700 0.100011
2 0.280803 0.962767 0.056256 0.074467
2 0.213028 0.202617 0.143356 0.124056
2 0.211516 0.334089 0.235894 0.087644
2 0.305947 0.422411 0.098606 0.099778
2 0.382931 0.512756 0.099362 0.161822
5 0.866234 0.315483 0.153594 0.068544
5 0.907319 0.395828 0.077750 0.078656
2 0.828309 0.391328 0.066369 0.098878
2 0.748034 0.348067 0.087856 0.149444
