5 0.943644 0.433183 0.112712 0.212589
2 0.667231 0.484867 0.045512 0.097089
2 0.661937 0.263722 0.045512 0.097089
2 0.861422 0.320356 0.045506 0.097089
2 0.828050 0.544194 0.045512 0.097078
2 0.981909 0.548244 0.036181 0.097089
2 0.929688 0.793656 0.045513 0.097089
2 0.677109 0.792311 0.045506 0.097089
2 0.551956 0.847589 0.045512 0.097089
2 0.316822 0.429578 0.045506 0.097089
2 0.112028 0.545544 0.045506 0.097089
2 0.332075 0.159344 0.045512 0.097089
4 0.199178 0.426072 0.067994 0.142856
4 0.094594 0.366550 0.056813 0.135544
5 0.186819 0.647694 0.138238 0.210722
5 0.267156 0.313450 0.235063 0.186900
5 0.760625 0.283239 0.074375 0.349967
0 0.492400 0.443067 0.093300 0.248111
5 0.808562 0.774889 0.139250 0.375556
5 0.581406 0.074333 0.111437 0.148667
2 0.453656 0.106506 0.072313 0.164989
2 0.959313 0.085350 0.072313 0.136856
14 0.105412 0.175506 0.210300 0.128100
2 0.392456 0.730833 0.146463 0.377444
2 0.125181 0.867283 0.244188 0.170544
