7 0.471375 0.357389 0.041088 0.041578
0 0.511509 0.474256 0.063206 0.232600
5 0.724331 0.449650 0.087225 0.280478
2 0.526747 0.155017 0.150181 0.111922
2 0.566947 0.285811 0.074331 0.155067
2 0.627244 0.384250 0.113013 0.168544
14 0.107109 0.188728 0.213644 0.087656
2 0.187366 0.256161 0.149144 0.107900
5 0.335072 0.387922 0.388656 0.131067
5 0.488897 0.333711 0.082831 0.242711
5 0.409709 0.489856 0.077369 0.069578
5 0.100462 0.695300 0.196600 0.062133
5 0.137050 0.759372 0.204250 0.054367
5 0.236444 0.852578 0.160562 0.147578
2 0.076991 0.814717 0.153981 0.207767
2 0.410216 0.611800 0.085194 0.163111
2 0.735469 0.726911 0.089200 0.404533
2 0.781431 0.866072 0.193875 0.171522
2 0.893841 0.408144 0.109219 0.064733
5 0.921147 0.531122 0.089194 0.223311
5 0.982584 0.646011 0.033681 0.323622
2 0.817375 0.167939 0.080275 0.178678
2 0.972053 0.366833 0.055894 0.225867
2 0.324509 0.113050 0.037306 0.082589
