2 0.029856 0.956250 0.054775 0.083344
2 0.012209 0.897361 0.023706 0.205278
5 0.687853 0.020644 0.035556 0.040578
5 0.724284 0.146672 0.035556 0.055411
5 0.740316 0.062606 0.067619 0.125211
5 0.653394 0.181011 0.107100 0.080378
5 0.567072 0.844967 0.075219 0.059556
2 0.568334 0.926994 0.077744 0.097767
2 0.098603 0.170461 0.101581 0.340922
2 0.439381 0.782672 0.160563 0.044656
3 0.157925 0.784178 0.068900 0.111244
2 0.497816 0.642867 0.030581 0.297089
2 0.690200 0.075728 0.038688 0.064722
5 0.368978 0.313906 0.079644 0.058433
2 0.838106 0.172817 0.040200 0.086300
2 0.860481 0.451939 0.040962 0.094389
2 0.597728 0.073772 0.140319 0.138211
2 0.542737 0.185583 0.102400 0.164056
2 0.865819 0.117422 0.041088 0.228111
2 0.453937 0.291767 0.057500 0.194400
2 0.903353 0.684033 0.048544 0.358689
2 0.857084 0.327372 0.078881 0.190122
1 0.394922 0.079611 0.082844 0.159222
5 0.650538 0.889356 0.086663 0.155067
2 0.373916 0.380278 0.073706 0.061444
2 0.481309 0.891583 0.097394 0.177989
4 0.009694 0.176372 0.019387 0.145633
4 0.131797 0.857583 0.071906 0.155389
4 0.355716 0.174750 0.053681 0.113278
3 0.561591 0.722333 0.088294 0.139156
2 0.215444 0.695967 0.051200 0.170800
2 0.451719 0.573817 0.067000 0.371944
5 0.322203 0.698772 0.158019 0.133722
5 0.291547 0.349300 0.073956 0.129222
2 0.094644 0.990533 0.072688 0.018933
