16 0.437619 0.544156 0.043613 0.095511
1 0.395906 0.585167 0.087813 0.271933
11 0.373225 0.595067 0.042062 0.066111
0 0.494447 0.461444 0.073319 0.295533
2 0.622125 0.453022 0.154225 0.164067
2 0.547222 0.809233 0.124519 0.271933
2 0.253622 0.719333 0.131469 0.188778
2 0.032000 0.500778 0.064000 0.295533
2 0.229603 0.364244 0.117569 0.222489
5 0.030500 0.083322 0.040450 0.150578
5 0.351597 0.400206 0.121356 0.195522
2 0.516569 0.237833 0.351438 0.187667
2 0.514988 0.070967 0.151063 0.132600
5 0.712197 0.117033 0.244619 0.220244
2 0.893281 0.106344 0.149187 0.178644
2 0.925469 0.232217 0.149062 0.151700
2 0.886597 0.501900 0.226806 0.225867
5 0.900872 0.839572 0.168131 0.303389
9 0.777616 0.804739 0.080906 0.128100
2 0.766556 0.934394 0.175087 0.131211
5 0.460072 0.821550 0.050819 0.234633
2 0.189431 0.906933 0.247562 0.186133
