0 0.538434 0.474500 0.098306 0.236889
1 0.099903 0.191972 0.092844 0.188344
2 0.091709 0.445372 0.087381 0.198056
2 0.371322 0.304600 0.083006 0.347578
2 0.307425 0.622072 0.057888 0.100967
2 0.499169 0.678328 0.057888 0.100967
2 0.748194 0.742406 0.057888 0.100967
2 0.632419 0.926872 0.057888 0.100967
2 0.462031 0.924928 0.057887 0.100967
2 0.296013 0.866672 0.057887 0.100967
5 0.407956 0.644339 0.072062 0.370878
5 0.237016 0.365667 0.109169 0.223333
5 0.500272 0.274422 0.117956 0.308711
5 0.693031 0.205489 0.105938 0.232978
5 0.611131 0.785139 0.167112 0.219389
5 0.842131 0.402556 0.072062 0.223333
