0 0.508988 0.453089 0.070550 0.264089
16 0.494394 0.806172 0.040063 0.075033
2 0.562431 0.606411 0.040350 0.232000
9 0.782641 0.817794 0.063531 0.123633
2 0.935106 0.816117 0.129788 0.175522
2 0.734566 0.822228 0.140794 0.193833
2 0.841878 0.946611 0.190594 0.103778
2 0.654741 0.295300 0.085506 0.144689
2 0.803675 0.192872 0.079413 0.137367
2 0.504266 0.198594 0.077269 0.156433
2 0.389787 0.403861 0.081575 0.148833
2 0.249931 0.095572 0.070825 0.148811
5 0.651503 0.117700 0.226794 0.179333
5 0.834294 0.064283 0.137362 0.123367
5 0.486237 0.064828 0.183863 0.129656
5 0.626391 0.604278 0.079844 0.215200
5 0.488600 0.850767 0.209475 0.210622
16 0.819953 0.527633 0.059119 0.073311
16 0.681391 0.487189 0.041731 0.055644
1 0.652822 0.496017 0.065081 0.223456
1 0.895522 0.522161 0.071544 0.238478
