2 0.982356 0.600578 0.035288 0.246000
14 0.108078 0.203911 0.215769 0.163311
0 0.500081 0.452667 0.102537 0.281044
4 0.792750 0.239989 0.106812 0.182289
2 0.648587 0.340917 0.087500 0.324211
2 0.705831 0.408522 0.187275 0.165733
2 0.931134 0.364183 0.121031 0.132300
2 0.942259 0.045061 0.115481 0.084322
2 0.689313 0.068467 0.190550 0.127933
1 0.432306 0.054733 0.064062 0.109467
2 0.141966 0.708594 0.134119 0.132300
2 0.271484 0.965417 0.088319 0.069167
2 0.445184 0.962239 0.092244 0.069789
2 0.620356 0.966289 0.091262 0.067422
2 0.789641 0.965067 0.100094 0.069867
2 0.826441 0.669317 0.136406 0.232033
