8 0.495803 0.337089 0.070581 0.066489
0 0.502125 0.453211 0.070588 0.244400
1 0.375972 0.443844 0.056356 0.244400
2 0.398150 0.707500 0.042775 0.401289
2 0.545144 0.331939 0.158375 0.207433
5 0.457769 0.707500 0.069175 0.401289
5 0.909678 0.668661 0.124694 0.346278
5 0.798178 0.205878 0.223906 0.152111
2 0.793172 0.078856 0.230281 0.082533
2 0.450484 0.181611 0.116506 0.194178
2 0.349453 0.158956 0.076456 0.252422
2 0.409528 0.064289 0.169294 0.053400
2 0.033191 0.193744 0.066381 0.279933
2 0.057313 0.718828 0.114625 0.433656
2 0.337169 0.727722 0.073725 0.377022
