11 0.480947 0.339172 0.088831 0.074189
0 0.495853 0.449400 0.067369 0.237422
7 0.530434 0.352417 0.054256 0.041344
2 0.582600 0.238161 0.048888 0.164278
2 0.616047 0.261478 0.108506 0.087978
2 0.661059 0.369061 0.043519 0.307367
2 0.581766 0.477167 0.109106 0.089022
14 0.110847 0.183961 0.221069 0.111922
2 0.085091 0.426256 0.169556 0.325600
2 0.310881 0.458428 0.115900 0.142456
2 0.342016 0.717006 0.047219 0.247256
2 0.481094 0.780344 0.248113 0.090044
2 0.623609 0.709372 0.054081 0.225878
2 0.804328 0.617794 0.077269 0.283878
2 0.960972 0.657483 0.078056 0.222833
2 0.843391 0.260044 0.193169 0.293044
2 0.948044 0.954028 0.103025 0.090056
2 0.356428 0.084189 0.106319 0.168378
2 0.523941 0.052994 0.206456 0.103300
5 0.392278 0.229911 0.269506 0.127467
5 0.052203 0.743200 0.104406 0.152622
2 0.173088 0.766094 0.113038 0.208589
9 0.780994 0.815261 0.074075 0.139189
