6 0.500000 0.650461 1.000000 0.149122
6 0.950316 0.363678 0.098306 0.727356
0 0.504537 0.441722 0.069025 0.265644
2 0.617931 0.424194 0.197213 0.157767
2 0.275091 0.346656 0.113769 0.318222
2 0.460544 0.139672 0.044750 0.125411
2 0.574091 0.095844 0.045506 0.093044
2 0.681794 0.046911 0.042475 0.093822
2 0.319234 0.086406 0.048544 0.090344
2 0.129231 0.131583 0.040200 0.102478
2 0.046937 0.283956 0.047025 0.097089
2 0.021525 0.567800 0.038687 0.101133
5 0.689562 0.266828 0.111950 0.144011
5 0.737347 0.402750 0.038231 0.156967
