6 0.500000 0.685439 1.000000 0.126211
2 0.740534 0.360194 0.116506 0.304211
2 0.890716 0.338350 0.038231 0.101944
2 0.918022 0.164400 0.045506 0.093844
2 0.766928 0.106956 0.036406 0.098711
2 0.586256 0.161972 0.040962 0.085767
2 0.512075 0.301133 0.047325 0.079289
2 0.516172 0.580256 0.048244 0.077667
2 0.395116 0.468606 0.046419 0.100322
2 0.438350 0.136083 0.043687 0.072811
2 0.326394 0.261489 0.043687 0.087378
2 0.279134 0.049972 0.073219 0.099944
2 0.120325 0.225428 0.086388 0.157322
2 0.106103 0.440333 0.073744 0.154511
2 0.132437 0.047167 0.075850 0.094333
2 0.267809 0.217933 0.075844 0.136711
2 0.260172 0.436589 0.075319 0.158244
5 0.391066 0.252583 0.145381 0.389544
4 0.402138 0.048894 0.057063 0.097789
5 0.062431 0.105328 0.124000 0.085833
5 0.075775 0.306878 0.151550 0.074911
5 0.033197 0.392328 0.066394 0.125633
5 0.389272 0.597839 0.126944 0.142344
5 0.639894 0.072694 0.152225 0.131100
2 0.543763 0.031667 0.033713 0.063333
2 0.333625 0.026633 0.032487 0.053267
