2 0.785566 0.124089 0.103544 0.114178
14 0.108609 0.186556 0.217219 0.108733
0 0.499834 0.454961 0.093056 0.295922
1 0.212141 0.527206 0.099606 0.258633
2 0.615831 0.657683 0.044563 0.165433
2 0.743622 0.360594 0.077331 0.093211
2 0.845200 0.743894 0.144175 0.072233
2 0.893694 0.597100 0.062913 0.356511
3 0.956606 0.693800 0.078637 0.116511
5 0.975681 0.160206 0.048637 0.102522
2 0.895659 0.848750 0.098306 0.174767
2 0.971094 0.893022 0.057813 0.090867
5 0.718719 0.671661 0.169075 0.156122
5 0.664978 0.327978 0.077331 0.158444
5 0.739034 0.280206 0.078644 0.067567
3 0.553572 0.754383 0.074706 0.116500
5 0.301922 0.915639 0.095681 0.168722
2 0.306509 0.697294 0.162519 0.086211
5 0.218037 0.425839 0.116650 0.130478
2 0.319616 0.393217 0.083881 0.083878
5 0.318303 0.477100 0.086506 0.083889
2 0.121703 0.443311 0.076019 0.160778
2 0.172819 0.053022 0.325050 0.074556
5 0.151847 0.120594 0.220194 0.107189
2 0.305853 0.813800 0.237231 0.123489
2 0.453306 0.937772 0.199225 0.124456
2 0.897625 0.162533 0.117963 0.205044
2 0.820950 0.446811 0.116650 0.559222
2 0.497147 0.141450 0.032894 0.275189
2 0.455928 0.259239 0.039319 0.072233
10 0.853063 0.918650 0.078637 0.137478
