8 0.514731 0.313900 0.046088 0.042911
8 0.499575 0.358378 0.077275 0.060089
9 0.777047 0.804628 0.087856 0.146078
5 0.764797 0.460761 0.086031 0.213811
5 0.960969 0.566106 0.078063 0.199767
2 0.937959 0.438133 0.104031 0.040578
2 0.860928 0.182961 0.073744 0.187278
2 0.559463 0.175389 0.155388 0.112378
2 0.598528 0.347067 0.085156 0.243467
2 0.681047 0.418856 0.080769 0.162311
2 0.621131 0.479722 0.034675 0.053067
0 0.497166 0.470539 0.054256 0.149567
5 0.323341 0.421444 0.278119 0.142711
2 0.116625 0.188244 0.060075 0.071200
2 0.220388 0.242450 0.154738 0.215211
2 0.096641 0.819956 0.188956 0.234956
5 0.214053 0.835489 0.308006 0.242711
2 0.448484 0.648111 0.080094 0.156956
2 0.778291 0.650133 0.089544 0.156378
2 0.867306 0.897817 0.099025 0.174167
5 0.158953 0.452261 0.049381 0.092989
2 0.358009 0.137917 0.038981 0.086144
2 0.096156 0.020961 0.079450 0.037456
