2 0.059719 0.839039 0.046362 0.115989
14 0.109994 0.185622 0.219775 0.129733
2 0.617119 0.505983 0.093575 0.181633
2 0.769506 0.389378 0.091000 0.160267
2 0.830031 0.125333 0.078125 0.129733
2 0.385319 0.132206 0.078125 0.152633
2 0.458838 0.395989 0.078700 0.164067
1 0.526444 0.614122 0.066537 0.206044
0 0.503181 0.451317 0.075862 0.234033
2 0.929019 0.677078 0.131350 0.163311
2 0.338703 0.618778 0.084131 0.143467
2 0.517703 0.847711 0.050656 0.250311
11 0.554000 0.868478 0.035275 0.048578
16 0.585550 0.831383 0.037763 0.064478
4 0.605931 0.055928 0.076550 0.111856
4 0.661734 0.106128 0.045069 0.110656
4 0.550841 0.143011 0.059381 0.097933
2 0.195491 0.289839 0.073694 0.116300
2 0.189319 0.723628 0.046363 0.115989
2 0.174759 0.966067 0.046356 0.067867
2 0.015694 0.608572 0.031387 0.115989
5 0.624531 0.319294 0.191738 0.175522
5 0.739000 0.143117 0.104450 0.286233
5 0.471428 0.158400 0.097294 0.298889
5 0.962741 0.344983 0.074519 0.148389
5 0.963734 0.053961 0.072531 0.107922
9 0.783009 0.817556 0.070356 0.117644
2 0.351369 0.917822 0.048887 0.094333
