0 0.510706 0.492744 0.081325 0.200000
8 0.474791 0.327683 0.077256 0.081922
11 0.853628 0.910817 0.073194 0.134944
10 0.781794 0.813228 0.075900 0.151811
2 0.423962 0.048167 0.143675 0.057822
2 0.862441 0.416839 0.120631 0.086744
2 0.902425 0.474672 0.048800 0.197589
2 0.842109 0.707200 0.044731 0.089156
2 0.711991 0.530094 0.042019 0.091567
2 0.949866 0.981917 0.051506 0.036167
7 0.114247 0.536133 0.226356 0.927733
2 0.783150 0.030106 0.081325 0.060211
2 0.750619 0.104794 0.081325 0.113256
2 0.947156 0.028900 0.062350 0.057800
2 0.979675 0.055411 0.037975 0.110822
6 0.771625 0.207206 0.115212 0.086744
6 0.811612 0.154194 0.040662 0.197589
6 0.406341 0.012033 0.330719 0.024067