0 0.501219 0.478289 0.081325 0.209644
7 0.095950 0.614444 0.184337 0.771111
7 0.099337 0.020456 0.196538 0.036156
6 0.794672 0.127683 0.042019 0.197589
15 0.111538 0.162622 0.215512 0.127711
2 0.411762 0.025289 0.157225 0.050578
2 0.844819 0.396356 0.112500 0.093978
2 0.887516 0.445756 0.048794 0.207222
2 0.827200 0.674672 0.044725 0.110833
2 0.696400 0.507200 0.040662 0.093978
2 0.930891 0.963856 0.048794 0.062600
2 0.738425 0.084311 0.078600 0.115667
2 0.767559 0.018061 0.079969 0.036122
2 0.926825 0.018061 0.040662 0.036122
2 0.966131 0.042156 0.046088 0.084311
10 0.783825 0.814433 0.063700 0.115667
11 0.854309 0.913228 0.079969 0.130122
6 0.757394 0.187928 0.121988 0.086744
5 0.463269 0.426478 0.056925 0.115667