6 0.669972 0.226478 0.042019 0.207222
6 0.705891 0.145756 0.111144 0.055422
6 0.955956 0.144550 0.088088 0.048189
6 0.996619 0.201178 0.006762 0.065067
2 0.484278 0.078289 0.104369 0.084333
2 0.520194 0.132506 0.040663 0.192767
2 0.445650 0.331300 0.043375 0.089156
0 0.499866 0.483106 0.075906 0.190367
5 0.479534 0.625278 0.054219 0.093978
12 0.261991 0.273467 0.042019 0.093978
2 0.812291 0.750578 0.055569 0.233733
2 0.941722 0.745756 0.056944 0.243378
2 0.821778 0.018061 0.077256 0.036122
2 0.333147 0.173467 0.032531 0.081933
15 0.108825 0.177083 0.215512 0.122900
11 0.857019 0.914433 0.066412 0.132533
10 0.785181 0.808406 0.063700 0.118078