10 0.783150 0.812028 0.081325 0.130122
11 0.852953 0.915633 0.066419 0.110844
2 0.428703 0.315639 0.079969 0.163856
2 0.447681 0.285517 0.039312 0.339767
0 0.502575 0.466239 0.103012 0.253011
6 0.010688 0.243361 0.021375 0.313278
6 0.037131 0.045772 0.074262 0.091544
2 0.676747 0.974683 0.345631 0.050633
2 0.676750 0.942156 0.174850 0.115689
2 0.667259 0.696361 0.085394 0.101211
2 0.642184 0.622861 0.208731 0.108433
2 0.596100 0.077078 0.043375 0.149400
2 0.666581 0.027700 0.184338 0.055400
2 0.907844 0.316844 0.040662 0.156622
6 0.516128 0.590339 0.048794 0.163856
2 0.870572 0.326478 0.063706 0.281933
6 0.480888 0.944567 0.040663 0.110867
2 0.187434 0.465022 0.088119 0.125289
2 0.238281 0.321678 0.092188 0.272244
2 0.203719 0.161450 0.079937 0.173544
2 0.313494 0.878278 0.050150 0.224111
2 0.273509 0.821656 0.130119 0.110844
6 0.869219 0.980711 0.050150 0.038578
6 0.597456 0.549372 0.219575 0.057833
6 0.010022 0.663828 0.020044 0.195189
6 0.018834 0.849372 0.037669 0.171078
6 0.795347 0.916839 0.065056 0.065056
6 0.053269 0.909611 0.047412 0.166267
6 0.484956 0.243350 0.043375 0.303611
6 0.465288 0.116844 0.074575 0.055422
6 0.859725 0.509611 0.096238 0.089156
6 0.829913 0.404794 0.050150 0.298789
6 0.777725 0.068661 0.040663 0.137322
6 0.705888 0.095156 0.184338 0.089156
6 0.264700 0.112022 0.044725 0.142178
6 0.230134 0.065044 0.111144 0.038578
6 0.251822 0.512022 0.048794 0.219267
6 0.204381 0.571056 0.127412 0.101200
6 0.524262 0.922867 0.124700 0.067467
2 0.102050 0.944550 0.050150 0.096389