2 0.731778 0.357078 0.017619 0.038556
0 0.517619 0.486000 0.093525 0.190356
1 0.197741 0.923344 0.088106 0.149400
1 0.242469 0.050828 0.066412 0.101656
5 0.272969 0.134194 0.037950 0.031322
5 0.443072 0.547444 0.047444 0.120489
5 0.660616 0.382383 0.048794 0.108433
2 0.916794 0.381178 0.037950 0.057822
2 0.972628 0.393222 0.054744 0.067467
2 0.930347 0.543828 0.037956 0.060233
2 0.978466 0.548644 0.042019 0.050600
2 0.157078 0.263106 0.044731 0.062656
2 0.081175 0.911300 0.023037 0.043378
2 0.369200 0.395639 0.021688 0.048189
5 0.443072 0.557083 0.047444 0.125300
2 0.031703 0.573950 0.035244 0.086744