0 0.505966 0.490333 0.066419 0.190356
8 0.443616 0.419250 0.063706 0.053011
9 0.498509 0.365033 0.073194 0.055422
2 0.616431 0.621661 0.046088 0.221678
2 0.657094 0.683106 0.127413 0.103611
2 0.705888 0.392744 0.081325 0.101200
2 0.749941 0.479506 0.088106 0.149433
2 0.812291 0.534911 0.044731 0.149400
2 0.604231 0.075878 0.040662 0.142178
2 0.642184 0.044550 0.037956 0.084344
2 0.243013 0.048178 0.036600 0.096356
2 0.351447 0.046972 0.036594 0.093944
2 0.859728 0.021672 0.188406 0.043344
2 0.160316 0.457806 0.088131 0.134944
2 0.236225 0.489128 0.082700 0.091567
2 0.214547 0.560217 0.042019 0.108433
2 0.278944 0.842139 0.222263 0.074700
15 0.111678 0.177078 0.223356 0.127711
2 0.192863 0.931294 0.044725 0.108433
2 0.264031 0.777083 0.089438 0.065056
2 0.775694 0.971061 0.088100 0.057833
6 0.040519 0.973483 0.081037 0.053033
6 0.322981 0.930094 0.215512 0.101211
6 0.410406 0.896344 0.046088 0.154244
6 0.095944 0.501178 0.051513 0.212044
6 0.131191 0.561422 0.130119 0.106022
6 0.707922 0.968650 0.042019 0.062656
6 0.781791 0.909611 0.070481 0.065067
6 0.690978 0.909611 0.013556 0.055422
10 0.781794 0.814433 0.059637 0.106022
11 0.857019 0.920456 0.079975 0.130111
15 0.108291 0.174672 0.216581 0.122900