6 0.108147 0.219250 0.119281 0.048189
6 0.143381 0.269856 0.043388 0.149400
6 0.115609 0.685517 0.044719 0.219278
6 0.068984 0.751778 0.137969 0.106022
6 0.393462 0.771061 0.047437 0.159033
6 0.478169 0.719250 0.211463 0.065056
6 0.717413 0.575867 0.050150 0.318044
6 0.746550 0.692744 0.084038 0.103622
6 0.970875 0.690339 0.058250 0.219278
6 0.934275 0.266239 0.052863 0.156633
6 0.956625 0.221672 0.086750 0.048211
6 0.352125 0.271056 0.078612 0.060244
6 0.367019 0.399950 0.051538 0.313211
6 0.596775 0.246961 0.196537 0.093967
6 0.669972 0.207206 0.044731 0.163856
2 0.136612 0.985528 0.127412 0.028944
2 0.198281 0.045772 0.109787 0.091544
2 0.880062 0.053000 0.112500 0.106000
2 0.944434 0.979494 0.111131 0.040967
0 0.506641 0.479489 0.097594 0.221689
2 0.762825 0.495156 0.048775 0.301200
2 0.800769 0.487928 0.043375 0.171078
2 0.557472 0.163828 0.188406 0.067478
2 0.080372 0.318039 0.085369 0.173478
2 0.109503 0.491544 0.100306 0.289156
2 0.051369 0.634917 0.083738 0.127722
2 0.462591 0.810817 0.090819 0.118078
2 0.526291 0.814428 0.212794 0.125300
2 0.546625 0.886722 0.088100 0.110844
11 0.853631 0.915633 0.084038 0.110844
10 0.785856 0.810817 0.081325 0.151811