2 0.841556 0.762867 0.036612 0.079511
2 0.987287 0.337567 0.018950 0.067467
1 0.441719 0.625517 0.093525 0.204811
6 0.476281 0.365272 0.078613 0.146989
2 0.552184 0.876117 0.078619 0.243367
6 0.471537 0.885756 0.088100 0.209644
6 0.630122 0.916972 0.088106 0.166056
6 0.873419 0.945994 0.084038 0.103611
2 0.092022 0.262856 0.082669 0.163844
7 0.500941 0.067683 0.998119 0.130122
14 0.499738 0.500000 0.999475 1.000000
6 0.515600 0.083361 0.075925 0.118056
14 0.497287 0.252022 0.237200 0.122889
2 0.953391 0.943483 0.092169 0.113033
2 0.256025 0.548411 0.088100 0.127711
2 0.279066 0.470094 0.036594 0.053011
2 0.689081 0.762867 0.040662 0.079511