2 0.413119 0.051778 0.149100 0.060244
11 0.853631 0.908406 0.086750 0.125300
10 0.778403 0.803589 0.082681 0.161444
6 0.399562 0.013239 0.325300 0.026478
2 0.926822 0.030106 0.048794 0.060211
2 0.971547 0.057817 0.046094 0.115633
2 0.772981 0.034928 0.085387 0.069856
6 0.760106 0.202383 0.116562 0.086744
6 0.799412 0.151783 0.043375 0.207233
2 0.846853 0.419250 0.116569 0.096389
2 0.890906 0.473467 0.050150 0.204822
2 0.697756 0.527683 0.040662 0.091567
2 0.825844 0.709611 0.042013 0.098800
2 0.741131 0.107206 0.081325 0.113256
7 0.106116 0.025272 0.210094 0.045789
7 0.109503 0.536122 0.208731 0.922889
0 0.503931 0.491539 0.075900 0.207233
5 0.461238 0.457806 0.052862 0.139767
2 0.936987 0.981917 0.050150 0.036167