6 0.650994 0.025289 0.112500 0.050578
5 0.358222 0.225272 0.042019 0.069878
0 0.503253 0.475878 0.088106 0.243378
2 0.507322 0.966239 0.120631 0.067478
2 0.975625 0.377078 0.048750 0.166267
2 0.977644 0.048178 0.044712 0.096356
15 0.107469 0.172267 0.212800 0.127711
7 0.028847 0.481900 0.055556 0.510844
7 0.028178 0.075872 0.051506 0.146989
6 0.034275 0.977094 0.050150 0.045811
6 0.934956 0.046972 0.040662 0.093944
6 0.930213 0.354189 0.055575 0.216867
6 0.951213 0.265039 0.097575 0.053011
6 0.324322 0.069867 0.329394 0.139733
2 0.729609 0.191539 0.115206 0.084344
2 0.770269 0.244556 0.050150 0.195178
2 0.583222 0.296361 0.039306 0.086744
2 0.703853 0.459011 0.039306 0.089156
6 0.920031 0.790350 0.159938 0.419300
11 0.852950 0.910817 0.074550 0.134944
10 0.785187 0.802372 0.077250 0.134967
5 0.754684 0.774672 0.046081 0.079522