6 0.971544 0.191539 0.056912 0.045789
2 0.905813 0.012033 0.028462 0.024067
2 0.867862 0.187928 0.158587 0.053011
2 0.758750 0.289128 0.081325 0.163856
2 0.869894 0.263828 0.162650 0.103611
2 0.972219 0.286717 0.055563 0.159033
5 0.051219 0.990350 0.002713 0.019300
6 0.699112 0.267444 0.043375 0.187956
6 0.734353 0.189133 0.111144 0.050600
1 0.224712 0.660217 0.059638 0.081922
0 0.499194 0.484311 0.093512 0.207222
5 0.509353 0.677083 0.051506 0.081922
5 0.145422 0.138528 0.055569 0.069878
2 0.840753 0.774672 0.044731 0.190367
2 0.970866 0.807206 0.058269 0.240967
2 0.512062 0.116839 0.108438 0.079522
2 0.550016 0.173467 0.035244 0.187956
2 0.360934 0.220456 0.033881 0.084333
2 0.399569 0.248167 0.111138 0.038556
2 0.417862 0.272267 0.077262 0.106022
2 0.453781 0.366239 0.081325 0.081922
2 0.777050 0.015650 0.069125 0.031300
2 0.851597 0.033722 0.079969 0.067444