7 0.500000 0.105033 1.000000 0.200000
14 0.500000 0.254433 0.231775 0.093978
2 0.089972 0.264067 0.084069 0.156622
2 0.252638 0.548411 0.084037 0.132533
2 0.277034 0.467683 0.029819 0.053011
2 0.954069 0.942278 0.090813 0.115444
6 0.478316 0.885761 0.079969 0.219278
6 0.636900 0.913472 0.090813 0.163856
6 0.867997 0.947094 0.084031 0.105811
2 0.550150 0.877217 0.071838 0.245567
1 0.470181 0.676117 0.090813 0.209633
6 0.476953 0.366483 0.085406 0.159033
14 0.502975 0.500106 0.994050 0.999789
2 0.986656 0.337561 0.026688 0.091567