6 0.507962 0.771911 0.201088 0.095222
2 0.028191 0.946972 0.054244 0.106056
2 0.204397 0.980700 0.081294 0.033733
2 0.226756 0.915639 0.050138 0.163856
2 0.669294 0.945756 0.046088 0.103622
2 0.689625 0.977094 0.086750 0.045811
2 0.920722 0.854211 0.090806 0.171133
2 0.887509 0.949367 0.086731 0.096378
2 0.033066 0.363828 0.066131 0.125300
2 0.070175 0.297811 0.072950 0.090644
2 0.102334 0.554389 0.115306 0.099000
2 0.140372 0.498611 0.042369 0.202200
2 0.343131 0.345222 0.082387 0.115733
2 0.416087 0.387056 0.076088 0.096222
2 0.398834 0.442833 0.040006 0.096222
2 0.157956 0.012572 0.063187 0.024211
2 0.169397 0.022022 0.041394 0.044044
2 0.406891 0.014278 0.032681 0.028556
2 0.506850 0.012822 0.032137 0.025644
2 0.741375 0.034556 0.041575 0.069111
2 0.769966 0.010156 0.034594 0.020311
2 0.763844 0.497539 0.049025 0.192700
2 0.801984 0.551283 0.114406 0.094900
2 0.842553 0.297567 0.076806 0.079400
2 0.883406 0.370683 0.080075 0.138478
2 0.940866 0.416206 0.044644 0.132700
2 0.470044 0.696767 0.195338 0.073911
2 0.390441 0.745572 0.039219 0.051589
2 0.450838 0.636111 0.080012 0.061356
6 0.032487 0.752222 0.064975 0.055200
6 0.041744 0.810617 0.053437 0.171411
6 0.252303 0.808678 0.080069 0.064889
6 0.274366 0.864361 0.044669 0.180122
15 0.115738 0.166478 0.218225 0.134933
10 0.783963 0.808650 0.077263 0.137344
11 0.853087 0.908650 0.074550 0.125300
2 0.387725 0.783267 0.040662 0.092378
15 0.108681 0.174817 0.217362 0.124344
8 0.464488 0.352194 0.072162 0.058567
12 0.553122 0.482578 0.043931 0.057178
12 0.469194 0.548811 0.034513 0.044622
0 0.493116 0.483272 0.077656 0.195233
6 0.323906 0.442850 0.108438 0.088544
6 0.288666 0.389900 0.038456 0.184933
6 0.894022 0.745978 0.120294 0.045289
6 0.858756 0.809356 0.050125 0.169800
6 0.586675 0.737278 0.040400 0.152556
2 0.011234 0.840939 0.017619 0.134944