10 0.783147 0.814433 0.073194 0.120489
17 0.495525 0.391783 0.253462 0.359033
0 0.512741 0.490094 0.101656 0.209633
1 0.486991 0.326239 0.082681 0.142167
2 0.156262 0.379250 0.093525 0.118078
2 0.270134 0.462383 0.161269 0.178322
2 0.392788 0.399733 0.086750 0.154222
2 0.017334 0.961433 0.032531 0.077133
2 0.764172 0.928900 0.094881 0.142200
2 0.606266 0.554211 0.047444 0.216911
2 0.644888 0.610817 0.121975 0.098789
2 0.800769 0.467322 0.043375 0.140000
2 0.699112 0.328889 0.084038 0.084333
2 0.739097 0.403583 0.079969 0.146989
2 0.238269 0.021672 0.032525 0.043344
2 0.346022 0.021672 0.042019 0.043344
2 0.598134 0.040950 0.039306 0.081900
2 0.633375 0.018061 0.031175 0.036122
2 0.258591 0.699972 0.084056 0.065056
2 0.277578 0.765033 0.214156 0.079511
2 0.192184 0.851783 0.043369 0.103611
2 0.994588 0.585517 0.010825 0.081922
6 0.041197 0.890333 0.082394 0.055422
6 0.057319 0.930106 0.050150 0.139789
6 0.320272 0.854194 0.212806 0.103611
6 0.403631 0.821661 0.043375 0.159033
6 0.695725 0.898772 0.047437 0.192767
6 0.713344 0.825278 0.088100 0.050600
6 0.095266 0.427683 0.042031 0.209633
6 0.131191 0.491544 0.119281 0.110844
6 0.371778 0.487928 0.044731 0.103611
11 0.854306 0.918044 0.074550 0.144578