7 0.027500 0.616856 0.052863 0.766289
0 0.500544 0.465033 0.090812 0.216867
8 0.521553 0.333711 0.089456 0.060244
11 0.851597 0.915639 0.079969 0.125300
10 0.778403 0.808406 0.123344 0.171078
15 0.108291 0.175878 0.216581 0.125311
5 0.766206 0.544550 0.055575 0.081922
5 0.381266 0.037339 0.042019 0.074678
2 0.740450 0.027689 0.109787 0.050622
2 0.781116 0.077094 0.042019 0.154189
2 0.974931 0.179489 0.050138 0.156622
2 0.716053 0.255394 0.039306 0.086744
2 0.601522 0.104794 0.032531 0.084344
6 0.932922 0.156600 0.050156 0.192778
6 0.953922 0.079489 0.092156 0.043378
12 0.532406 0.207200 0.046063 0.067467
12 0.546628 0.405994 0.025756 0.069878