12 0.464463 0.474944 0.035850 0.057133
14 0.499697 0.499011 0.996431 0.998022
15 0.107678 0.171644 0.215356 0.131867
15 0.888928 0.162856 0.222144 0.127467
2 0.279022 0.311206 0.043269 0.191211
2 0.384106 0.323294 0.045737 0.189011
12 0.086169 0.901322 0.040800 0.087911
12 0.544203 0.522194 0.042031 0.059344
12 0.327238 0.270550 0.025963 0.061544
2 0.648050 0.923189 0.046975 0.153622
2 0.683281 0.983733 0.122388 0.024178
2 0.735203 0.723294 0.080356 0.079122
2 0.780328 0.811206 0.091481 0.162633
2 0.840906 0.868350 0.044500 0.149456
14 0.497844 0.255822 0.228712 0.103289