11 0.852681 0.911539 0.070487 0.134944
2 0.662247 0.885889 0.079969 0.228222
7 0.599216 0.012156 0.151806 0.024311
2 0.158041 0.274194 0.088081 0.089167
2 0.359988 0.457322 0.031175 0.060244
1 0.511184 0.314433 0.065194 0.192778
0 0.511250 0.471056 0.097588 0.226511
2 0.011100 0.947578 0.021688 0.104844
6 0.049050 0.927094 0.046087 0.145811
6 0.581734 0.894567 0.092169 0.210867
6 0.983338 0.959006 0.033325 0.074700
6 0.607484 0.057217 0.073194 0.114433
6 0.005550 0.295156 0.011100 0.110844
2 0.811475 0.767444 0.025750 0.072289
2 0.974803 0.775878 0.027106 0.069889
10 0.782878 0.807922 0.060994 0.115667