10 0.781794 0.809611 0.065063 0.115667
2 0.058012 0.921661 0.056900 0.146989
2 0.531719 0.955394 0.047438 0.069878
2 0.554081 0.993961 0.081325 0.012078
2 0.207088 0.331300 0.084050 0.122889
2 0.284353 0.372261 0.075906 0.108433
2 0.258600 0.424067 0.040663 0.115667
2 0.651672 0.496361 0.048794 0.207233
2 0.689625 0.546961 0.124700 0.106033
2 0.325691 0.701178 0.207381 0.072289
2 0.240303 0.756600 0.042019 0.043378
2 0.309428 0.634911 0.085394 0.060244
2 0.022756 0.018044 0.043375 0.031333
2 0.636756 0.014444 0.043387 0.028889
2 0.245044 0.798772 0.037950 0.079522
6 0.142047 0.372267 0.043344 0.204822
6 0.175919 0.427689 0.116563 0.093978
6 0.366356 0.791539 0.212800 0.103611
6 0.449034 0.750572 0.042019 0.185544
6 0.740453 0.821661 0.055569 0.173500
6 0.778403 0.762622 0.136894 0.065067
6 0.096625 0.822844 0.074550 0.055467
6 0.107463 0.892744 0.058300 0.214467
2 0.739109 0.267444 0.077281 0.086756
2 0.780438 0.354189 0.081325 0.139756
2 0.842788 0.409611 0.046088 0.149400
0 0.503253 0.469856 0.079969 0.221689
1 0.428706 0.483111 0.088100 0.238556
8 0.436159 0.337328 0.070481 0.053011
11 0.848200 0.903561 0.078600 0.125344
2 0.016656 0.989144 0.028462 0.021711