7 0.401597 0.933711 0.711594 0.122889
11 0.853631 0.922867 0.078612 0.110844
10 0.783828 0.806000 0.079969 0.132533
7 0.940369 0.919250 0.119262 0.142167
2 0.970866 0.592744 0.058269 0.221689
7 0.790600 0.930094 0.071838 0.120478
7 0.016122 0.886717 0.032244 0.091567
2 0.848888 0.627683 0.055575 0.228922
2 0.376522 0.072261 0.035244 0.072300
2 0.484278 0.224067 0.042019 0.106022
2 0.517484 0.016856 0.105719 0.033711
2 0.556116 0.062639 0.044731 0.125278
6 0.702500 0.125278 0.044725 0.183133
6 0.735016 0.051783 0.120656 0.045789
6 0.971544 0.045756 0.056912 0.048200