6 0.042809 0.941661 0.047419 0.108433
7 0.185816 0.024794 0.013556 0.019278
7 0.903509 0.017567 0.145031 0.028911
2 0.010225 0.944072 0.020450 0.108433
2 0.657500 0.887094 0.078613 0.225811
6 0.578884 0.894672 0.094881 0.202411
2 0.356597 0.457322 0.035244 0.040956
2 0.329494 0.540478 0.086738 0.130156
2 0.153284 0.279006 0.086744 0.074700
15 0.109909 0.176600 0.219581 0.125311
1 0.528056 0.347683 0.066412 0.192767
6 0.601575 0.066961 0.082950 0.121456
2 0.972228 0.774672 0.044731 0.103611
2 0.804834 0.772261 0.029819 0.084344
7 0.345753 0.018178 0.355119 0.036356
1 0.448088 0.309128 0.074550 0.202411
6 0.980556 0.958178 0.038888 0.083644
0 0.475875 0.470578 0.075900 0.226511