2 0.965647 0.893406 0.066756 0.096700
2 0.560153 0.011539 0.106319 0.023078
5 0.681303 0.306589 0.056869 0.136267
5 0.276428 0.032967 0.048219 0.063733
5 0.450619 0.477583 0.048212 0.142856
2 0.992100 0.472083 0.011125 0.057144
2 0.987088 0.314944 0.025825 0.085711
2 0.945741 0.305050 0.039556 0.057144
2 0.961194 0.468789 0.040800 0.068133
0 0.497184 0.464650 0.070056 0.225278
10 0.781009 0.808972 0.079331 0.115389
6 0.034741 0.991756 0.066756 0.016489
6 0.316606 0.986261 0.128575 0.027478
2 0.073681 0.851650 0.021012 0.039567
2 0.749300 0.280222 0.027200 0.039556
2 0.156512 0.176922 0.035850 0.057133
2 0.023613 0.494506 0.044500 0.085722
2 0.418600 0.035167 0.023487 0.041756
11 0.855187 0.922528 0.069025 0.119056