0 0.498644 0.479972 0.074550 0.226500
1 0.129291 0.937578 0.089456 0.124844
11 0.853762 0.910094 0.071838 0.118078
10 0.779216 0.806483 0.066419 0.113256
2 0.540662 0.971311 0.126050 0.057378
2 0.393600 0.098044 0.016262 0.045778
2 0.727709 0.352261 0.017619 0.043367
2 0.037125 0.939011 0.024400 0.045778
2 0.125903 0.243828 0.039306 0.057833
2 0.985503 0.541422 0.028994 0.050600
2 0.937803 0.535394 0.039306 0.053011
2 0.977788 0.390817 0.040662 0.081922
2 0.922216 0.378767 0.032531 0.043378
2 0.919087 0.024322 0.161825 0.048644
2 0.953653 0.969128 0.092694 0.053011
5 0.424775 0.548650 0.056925 0.132522
5 0.656550 0.383589 0.056925 0.130111
1 0.230272 0.044806 0.088106 0.089611
2 0.536597 0.043828 0.109794 0.086744