2 0.112006 0.979672 0.176788 0.040656
1 0.309188 0.039011 0.074175 0.078022
5 0.232541 0.028022 0.054394 0.056044
5 0.635563 0.299783 0.066762 0.140656
2 0.022375 0.842633 0.024725 0.043956
2 0.704794 0.272306 0.024725 0.050544
2 0.377800 0.029450 0.023487 0.035167
2 0.899506 0.293406 0.040800 0.052744
2 0.911250 0.457144 0.034613 0.046156
2 0.961319 0.304400 0.070463 0.065933
2 0.971697 0.451650 0.056606 0.052744
11 0.853762 0.914283 0.077887 0.125278
10 0.780822 0.807689 0.067994 0.109889
0 0.503903 0.476922 0.080356 0.248356
6 0.010569 0.980767 0.021138 0.038467
6 0.262209 0.985167 0.128569 0.029667