6 0.957313 0.380694 0.085375 0.048189
8 0.464622 0.439733 0.092169 0.069889
8 0.476822 0.436117 0.070481 0.053011
9 0.496475 0.349372 0.074550 0.062656
0 0.500531 0.509611 0.066437 0.118067
1 0.095259 0.874672 0.061019 0.173500
1 0.469366 0.591539 0.082681 0.151811
5 0.079684 0.328894 0.059644 0.108433
5 0.458525 0.918044 0.066412 0.096378
2 0.809578 0.956611 0.047444 0.086778
2 0.932922 0.959022 0.050156 0.081956
2 0.379909 0.032517 0.079969 0.065033
2 0.189475 0.980711 0.243975 0.038578
2 0.506634 0.918061 0.043356 0.163878
2 0.482922 0.980711 0.093519 0.038578
6 0.395497 0.095156 0.113856 0.084333
6 0.432772 0.067456 0.039306 0.134911
6 0.686912 0.128889 0.040662 0.132533
6 0.760106 0.079489 0.189763 0.038556
6 0.972909 0.053000 0.051506 0.106000
6 0.660481 0.466239 0.044725 0.204811
6 0.697756 0.383106 0.116563 0.053011
2 0.312141 0.432506 0.044731 0.118078
2 0.368391 0.481900 0.075906 0.115667
2 0.404988 0.568650 0.084038 0.062656
2 0.608300 0.009628 0.040662 0.019256
2 0.463950 0.304789 0.115225 0.093978
11 0.855662 0.909611 0.074550 0.122889
10 0.781794 0.810817 0.081325 0.122900