10 0.783147 0.812022 0.067769 0.101200
11 0.852272 0.913217 0.070481 0.125322
2 0.974250 0.648167 0.051500 0.240956
2 0.629984 0.022878 0.108431 0.045756
2 0.665225 0.059022 0.043375 0.118044
2 0.484953 0.089133 0.032531 0.072289
2 0.595422 0.240939 0.036594 0.091567
2 0.950534 0.116844 0.098931 0.156622
2 0.875994 0.166239 0.079975 0.154211
6 0.818388 0.142139 0.043375 0.197589
6 0.848884 0.063828 0.107081 0.045789
5 0.271478 0.036117 0.042019 0.053011
12 0.417197 0.202378 0.046106 0.072311
1 0.404309 0.471056 0.060994 0.084333
0 0.497153 0.472261 0.078619 0.192767