6 0.994588 0.075878 0.010825 0.050600
6 0.787216 0.086722 0.111144 0.043378
6 0.754006 0.160211 0.039312 0.200000
2 0.563569 0.031311 0.105725 0.062622
2 0.602197 0.078300 0.042019 0.156600
6 0.962734 0.860228 0.074531 0.279544
5 0.566959 0.550578 0.063706 0.092044
0 0.506641 0.479494 0.108431 0.207233
15 0.108969 0.174672 0.217938 0.132522
2 0.902425 0.674672 0.067775 0.236144
2 0.421250 0.109611 0.037950 0.089156
2 0.531037 0.263833 0.037950 0.093978
11 0.855394 0.913950 0.081325 0.137344
10 0.783553 0.813467 0.075906 0.132533