6 0.120166 0.936483 0.140931 0.109900
6 0.467553 0.878133 0.046981 0.243733
6 0.425522 0.937578 0.131044 0.112089
15 0.884794 0.166150 0.228713 0.125278
2 0.241938 0.300217 0.045738 0.230767
12 0.296331 0.282633 0.035850 0.107689
11 0.853269 0.913406 0.074175 0.125278
9 0.474356 0.343078 0.075412 0.061533
2 0.355053 0.305717 0.042031 0.210989
2 0.638159 0.944067 0.044506 0.111867
2 0.734587 0.740878 0.084062 0.087911
2 0.779084 0.838578 0.098919 0.164622
2 0.853888 0.911100 0.050687 0.177800
15 0.116456 0.176039 0.217587 0.123078
12 0.020025 0.936483 0.037088 0.070322
6 0.080613 0.860661 0.056850 0.230767