6 0.459644 0.093183 0.112500 0.050544
2 0.540494 0.672306 0.049450 0.250544
2 0.666603 0.675606 0.046956 0.248344
2 0.899634 0.085494 0.048231 0.153856
2 0.929300 0.032756 0.100138 0.057156
2 0.098591 0.116150 0.038444 0.118900
2 0.132650 0.156922 0.113738 0.059333
2 0.149341 0.180989 0.077881 0.103067
2 0.179625 0.252533 0.076625 0.057156
2 0.246394 0.039356 0.118663 0.065956
2 0.284094 0.083294 0.045738 0.145056
2 0.984800 0.260217 0.030400 0.054944
0 0.493638 0.458022 0.098900 0.226378
1 0.271731 0.258022 0.085300 0.156044
6 0.425647 0.172306 0.042031 0.195611
6 0.723584 0.097583 0.113731 0.063744
6 0.764997 0.161294 0.043269 0.191256
5 0.246262 0.073422 0.059338 0.120844
2 0.836578 0.281100 0.021019 0.039556
11 0.855122 0.911867 0.067994 0.131867
10 0.781566 0.810767 0.064281 0.109889