14 0.497969 0.256361 0.240725 0.104100
14 0.500000 0.500106 0.998950 0.999789
2 0.849291 0.766478 0.023044 0.067467
2 0.550469 0.881700 0.075825 0.236600
2 0.990934 0.324311 0.010844 0.098800
2 0.960803 0.948622 0.078394 0.102756
6 0.882094 0.952639 0.089463 0.094722
7 0.499059 0.052744 0.998119 0.103622
15 0.887353 0.177706 0.213069 0.150367
2 0.693150 0.763589 0.037950 0.081933
6 0.634188 0.922622 0.085388 0.154222
6 0.474234 0.892506 0.082656 0.214456
2 0.087250 0.256339 0.086750 0.151767
0 0.458672 0.388889 0.086719 0.151800
12 0.456625 0.492267 0.031175 0.060244
2 0.270375 0.467656 0.029413 0.040667
2 0.245697 0.552744 0.081644 0.130111
9 0.493088 0.348889 0.097587 0.092533