6 0.120162 0.231867 0.112500 0.052756
6 0.154778 0.306594 0.043269 0.215389
11 0.853887 0.911206 0.071700 0.123078
10 0.780947 0.811206 0.066756 0.120878
2 0.007231 0.804611 0.014462 0.156044
2 0.348256 0.157361 0.111263 0.074722
2 0.311772 0.213300 0.043294 0.182200
2 0.401416 0.405494 0.081594 0.074722
2 0.438503 0.332967 0.079119 0.136267
2 0.495925 0.254944 0.038450 0.138467
2 0.024541 0.056594 0.049081 0.113189
2 0.069478 0.021972 0.045744 0.032967
2 0.032575 0.276922 0.065150 0.160444
2 0.092287 0.335167 0.086663 0.153844