2 0.793309 0.733183 0.040794 0.142856
0 0.497841 0.463956 0.067994 0.224178
11 0.854503 0.915600 0.066756 0.134067
10 0.782184 0.805711 0.055631 0.112089
1 0.020531 0.638683 0.041063 0.191211
2 0.540494 0.014394 0.027200 0.028789
2 0.011991 0.012200 0.021019 0.024400
15 0.113241 0.181539 0.226481 0.120878
2 0.318584 0.252961 0.028431 0.052744
2 0.204228 0.244172 0.032144 0.057144
2 0.324147 0.110111 0.034619 0.065933
2 0.212884 0.111206 0.032144 0.072522
6 0.055878 0.658461 0.034619 0.116478
6 0.115837 0.774944 0.077887 0.107689
6 0.014341 0.782639 0.028681 0.083522
6 0.382869 0.772750 0.127337 0.103300
6 0.423666 0.707911 0.040794 0.219778
2 0.320441 0.169450 0.034619 0.206589
2 0.465084 0.970550 0.019781 0.041767
2 0.226484 0.988022 0.091481 0.023956
2 0.590562 0.838678 0.040800 0.221978
2 0.632597 0.903517 0.127331 0.101100
2 0.685134 0.590328 0.081594 0.094500
2 0.730878 0.683733 0.084069 0.149444