2 0.821128 0.901322 0.168131 0.065933
2 0.812472 0.721094 0.168131 0.074722
2 0.315500 0.261761 0.044500 0.171433
6 0.116438 0.858478 0.044500 0.270289
2 0.350725 0.322194 0.117450 0.076922
6 0.369272 0.965056 0.043269 0.065933
6 0.380397 0.580439 0.040794 0.162633
6 0.173944 0.091428 0.035850 0.090100
2 0.039684 0.248133 0.079369 0.043956
0 0.501553 0.466811 0.080356 0.221978
15 0.108916 0.173406 0.217831 0.131878
11 0.850797 0.918461 0.084069 0.123078
10 0.781566 0.805711 0.064281 0.107689
2 0.197428 0.392528 0.018544 0.037367
2 0.541728 0.679339 0.017306 0.035167
2 0.503406 0.194722 0.039563 0.151644
2 0.464466 0.107911 0.030906 0.057133
2 0.465081 0.163983 0.103850 0.081367
2 0.413159 0.078244 0.074181 0.085711