11 0.852953 0.915633 0.079969 0.139756
10 0.785859 0.813228 0.067769 0.122900
2 0.148134 0.933711 0.042019 0.084333
2 0.858375 0.210817 0.036600 0.132522
6 0.018156 0.040933 0.036312 0.077111
6 0.141356 0.586722 0.085388 0.060244
6 0.155587 0.727672 0.056925 0.337322
6 0.343312 0.552989 0.085388 0.098800
6 0.187441 0.179494 0.039306 0.209633
6 0.224034 0.224072 0.104369 0.096389
6 0.521553 0.874683 0.048794 0.250633
6 0.804834 0.528889 0.127406 0.050600
6 0.762138 0.593950 0.047437 0.175900
6 0.781794 0.967444 0.040663 0.065067
2 0.800094 0.158994 0.082687 0.134900
0 0.501222 0.471056 0.089456 0.267467
1 0.526972 0.120456 0.092169 0.221689
2 0.758072 0.079506 0.074544 0.086767
2 0.847531 0.965033 0.096238 0.060244
2 0.796703 0.809600 0.092169 0.250578
2 0.828556 0.637322 0.088100 0.166267
2 0.346700 0.415639 0.081325 0.065056
2 0.295872 0.228889 0.042019 0.096378
2 0.322303 0.149372 0.067769 0.063611
2 0.247066 0.125994 0.088131 0.113256
2 0.282997 0.525994 0.043369 0.031322
2 0.367031 0.474189 0.203312 0.072289
2 0.713344 0.335633 0.117925 0.093978
2 0.673356 0.282622 0.040663 0.190356
2 0.611009 0.823589 0.043369 0.183133
2 0.565600 0.835889 0.050150 0.328222
2 0.029541 0.277806 0.054206 0.180722
6 0.062741 0.020467 0.044731 0.040933