10 0.780803 0.805494 0.066969 0.131878
0 0.506100 0.482383 0.078612 0.183122
5 0.455947 0.469133 0.051506 0.132533
5 0.283131 0.030578 0.047437 0.055422
1 0.347516 0.036372 0.086744 0.072744
5 0.690438 0.308889 0.056925 0.130111
2 0.174022 0.984806 0.181631 0.021722
2 0.972625 0.885994 0.054750 0.074700
2 0.957456 0.305272 0.043375 0.040967
2 0.969656 0.463106 0.040662 0.053011
2 0.990663 0.313711 0.017625 0.077111
2 0.760241 0.279978 0.023044 0.038556
2 0.086597 0.851061 0.028469 0.057833
2 0.565741 0.014683 0.111144 0.029367
6 0.327862 0.990589 0.134187 0.018822
6 0.044578 0.990589 0.077256 0.018822
2 0.165209 0.176361 0.044731 0.081922
2 0.029669 0.490817 0.042013 0.074700
8 0.459338 0.341417 0.077262 0.065056
11 0.852919 0.907144 0.079325 0.115378