2 0.274728 0.468889 0.032531 0.048200
1 0.383300 0.654817 0.069937 0.228433
1 0.651672 0.356983 0.069944 0.199522
2 0.092847 0.286139 0.084819 0.109878
2 0.953922 0.943794 0.092156 0.112411
2 0.252734 0.549272 0.087094 0.127233
7 0.500000 0.071011 1.000000 0.141689
6 0.476659 0.364506 0.076444 0.133011
6 0.872713 0.951167 0.078075 0.097667
6 0.631178 0.919683 0.086206 0.156144
6 0.474919 0.887389 0.083925 0.220333
2 0.551787 0.876761 0.079225 0.246478
14 0.500409 0.252022 0.226356 0.106022
2 0.988406 0.345133 0.023187 0.098311
2 0.689731 0.761372 0.030900 0.086456
2 0.843437 0.756889 0.039038 0.089644
15 0.111056 0.178578 0.222112 0.124333
14 0.500262 0.500106 0.999475 0.999789