2 0.751294 0.114428 0.074550 0.074700
2 0.234213 0.163833 0.081300 0.106022
2 0.309428 0.204789 0.074544 0.106022
2 0.285709 0.266239 0.046081 0.103611
2 0.022219 0.322861 0.044437 0.197589
2 0.560181 0.856600 0.047437 0.281933
2 0.602200 0.869856 0.044725 0.178311
2 0.791959 0.859011 0.098944 0.272289
2 0.821778 0.681900 0.088106 0.178311
2 0.841431 0.990339 0.094875 0.019278
2 0.792637 0.195156 0.081325 0.134933
2 0.851597 0.243344 0.042019 0.144578
2 0.354141 0.518044 0.207406 0.077111
2 0.270122 0.566239 0.039306 0.043367
2 0.665903 0.321661 0.044731 0.190367
2 0.703178 0.374672 0.116569 0.103611
6 0.173894 0.218044 0.039288 0.195178
6 0.208450 0.262622 0.116562 0.101200
6 0.016122 0.054206 0.032244 0.108411
6 0.036453 0.033706 0.072906 0.057833
6 0.131869 0.632500 0.088100 0.055422
6 0.140678 0.780694 0.059644 0.346989
6 0.515441 0.895156 0.044756 0.209644
6 0.376522 0.593950 0.170781 0.103611
6 0.758072 0.634917 0.047444 0.180722
6 0.794672 0.572267 0.123344 0.060244
0 0.497831 0.468644 0.088100 0.238556
10 0.783828 0.806000 0.060994 0.122889
11 0.853628 0.915639 0.075906 0.130122
2 0.131869 0.964550 0.044725 0.069878
6 0.122381 0.017817 0.107075 0.035633