2 0.238256 0.240939 0.078637 0.130122
2 0.158300 0.691539 0.043375 0.096389
2 0.272156 0.878283 0.043375 0.103611
2 0.325694 0.580700 0.117925 0.110844
2 0.361609 0.637322 0.054219 0.214467
2 0.272153 0.027700 0.113856 0.055400
2 0.284341 0.101194 0.084056 0.202389
2 0.451747 0.113228 0.036594 0.159033
2 0.487666 0.120444 0.043369 0.240889
2 0.682169 0.392744 0.196538 0.110844
2 0.701825 0.459006 0.084038 0.108433
2 0.713344 0.716839 0.172137 0.180722
2 0.590678 0.778289 0.089456 0.173489
2 0.841428 0.775878 0.092169 0.183133
6 0.058141 0.977094 0.116281 0.045811
6 0.312141 0.945756 0.042019 0.103622
6 0.335181 0.981917 0.088100 0.036167
6 0.565603 0.666239 0.123344 0.060233
6 0.528328 0.746961 0.046081 0.231322
6 0.860406 0.656600 0.121988 0.055422
6 0.905813 0.746961 0.055575 0.240967
6 0.564247 0.366239 0.044731 0.149389
6 0.641506 0.319256 0.196538 0.055422
6 0.526297 0.091556 0.042019 0.183111
6 0.258600 0.355394 0.121987 0.103611
6 0.299262 0.299972 0.048800 0.224100
6 0.857003 0.199972 0.044756 0.298789
6 0.879387 0.301178 0.084025 0.096378
0 0.503931 0.477083 0.094875 0.236144
11 0.854306 0.906000 0.074550 0.149400
10 0.781794 0.820456 0.078612 0.151800
2 0.529006 0.210817 0.047437 0.065056