6 0.394616 0.874944 0.044506 0.241756
2 0.712334 0.841978 0.096431 0.175822
2 0.777847 0.938572 0.049431 0.122856
0 0.510203 0.481539 0.080356 0.228567
1 0.061441 0.635383 0.107556 0.232967
1 0.432322 0.491428 0.082831 0.208789
8 0.433556 0.327689 0.075412 0.070333
9 0.505878 0.349667 0.071706 0.065933
2 0.664119 0.744178 0.086537 0.085711
6 0.352581 0.940767 0.138462 0.118467
6 0.016303 0.877056 0.029644 0.245889
12 0.228338 0.251867 0.048213 0.046156
10 0.785275 0.818900 0.096425 0.138467
11 0.855741 0.916700 0.066756 0.131867
5 0.211031 0.316706 0.060575 0.105500
6 0.073188 0.941867 0.091487 0.116267
2 0.174547 0.302417 0.039531 0.213189
2 0.290759 0.300222 0.044519 0.195600
2 0.561509 0.946261 0.046981 0.107478