2 0.121822 0.324833 0.090394 0.164667
2 0.950678 0.882861 0.035244 0.091567
11 0.851731 0.914189 0.065062 0.120489
1 0.489156 0.531056 0.069125 0.187956
10 0.781250 0.804550 0.059638 0.103611
6 0.543375 0.952578 0.083125 0.094844
2 0.629556 0.934272 0.082450 0.126500
7 0.500000 0.082261 1.000000 0.156633
2 0.300303 0.645111 0.090356 0.134533
6 0.011641 0.983844 0.019519 0.032311
6 0.572731 0.140322 0.088213 0.106244
2 0.324813 0.558567 0.037275 0.056222
6 0.719578 0.982094 0.092619 0.035811
0 0.514231 0.462383 0.059638 0.171078
9 0.507456 0.325033 0.081325 0.050600
2 0.783959 0.882867 0.029819 0.072289