6 0.352581 0.492528 0.121150 0.101100
6 0.675866 0.829889 0.132281 0.046156
6 0.638159 0.901211 0.044506 0.197578
6 0.394616 0.432089 0.039556 0.195600
6 0.075041 0.495822 0.117444 0.103289
6 0.033616 0.436483 0.037106 0.208789
6 0.343309 0.823294 0.043269 0.169233
6 0.257391 0.852967 0.215106 0.114289
2 0.743859 0.465056 0.043269 0.138467
2 0.683900 0.411211 0.074175 0.136267
2 0.663503 0.383733 0.040794 0.195600
2 0.642487 0.328789 0.072937 0.085711
2 0.589944 0.609028 0.111263 0.092278
2 0.550388 0.552967 0.042025 0.204400
2 0.987212 0.547472 0.025575 0.035167
2 0.966813 0.584833 0.066375 0.065933
2 0.580672 0.016594 0.030906 0.033189
2 0.543584 0.041867 0.043269 0.083733
2 0.290150 0.018789 0.040800 0.037578
2 0.183216 0.018789 0.032144 0.037578
1 0.466934 0.051756 0.080356 0.103511
15 0.108297 0.174944 0.216594 0.134067
0 0.497844 0.482639 0.065525 0.204389
10 0.781566 0.811206 0.061819 0.101100
11 0.855122 0.915606 0.070469 0.120878