5 0.009088 0.552967 0.018175 0.065933
2 0.309944 0.677139 0.042012 0.252744
2 0.436647 0.682633 0.053156 0.241756
2 0.693791 0.079778 0.040794 0.159556
2 0.727109 0.033628 0.107681 0.067256
2 0.880466 0.127694 0.043269 0.098900
2 0.827925 0.179339 0.074175 0.101100
2 0.797637 0.252956 0.080362 0.050578
2 0.049266 0.025933 0.098531 0.051867
2 0.076891 0.079778 0.043281 0.159556
6 0.549766 0.163956 0.042031 0.193400
6 0.512678 0.096922 0.106319 0.063733
11 0.852034 0.917800 0.082831 0.136267
6 0.214738 0.160661 0.039563 0.191211
6 0.256153 0.089233 0.107556 0.043956
5 0.039806 0.061756 0.050687 0.112089
10 0.780947 0.806706 0.071706 0.125056
0 0.495987 0.460656 0.092725 0.241756