2 0.094728 0.265272 0.088106 0.159033
2 0.249925 0.544794 0.084038 0.130122
2 0.842922 0.764072 0.036594 0.086744
2 0.691113 0.760456 0.031175 0.089156
2 0.985241 0.338772 0.020331 0.079522
2 0.554216 0.877217 0.077256 0.245567
2 0.954069 0.943483 0.090813 0.113033
14 0.500000 0.500000 1.000000 1.000000
6 0.510844 0.083344 0.074550 0.132533
7 0.499322 0.102622 0.997594 0.200000
14 0.497288 0.253228 0.231775 0.091567
2 0.274322 0.470094 0.029819 0.053011
1 0.468825 0.707444 0.093525 0.195178
6 0.633509 0.921794 0.084031 0.156411
6 0.471534 0.885761 0.082681 0.219278