6 0.632966 0.917700 0.085394 0.164600
1 0.451937 0.487683 0.076450 0.199522
14 0.500941 0.500211 0.998119 0.995178
6 0.507319 0.088650 0.078237 0.127233
2 0.277250 0.464556 0.034163 0.046267
2 0.986053 0.333950 0.027106 0.086744
6 0.474381 0.886372 0.088100 0.227256
6 0.477772 0.367922 0.073194 0.149400
2 0.954397 0.944206 0.091206 0.111589
2 0.092831 0.289617 0.084037 0.108433
2 0.252097 0.548628 0.082681 0.130078
2 0.836281 0.766478 0.036600 0.079511
2 0.688537 0.761900 0.033888 0.098800
7 0.500134 0.069128 0.998944 0.130122
15 0.120288 0.177561 0.240575 0.125300
14 0.500134 0.258283 0.229069 0.113256
2 0.552997 0.876367 0.077256 0.240956
6 0.876262 0.946611 0.081325 0.106778