2 0.143031 0.495822 0.085313 0.059333
2 0.588706 0.881533 0.089012 0.224178
2 0.626413 0.726594 0.085300 0.182411
10 0.782181 0.813406 0.063050 0.101100
11 0.852650 0.913406 0.077887 0.125278
2 0.159716 0.558472 0.210181 0.065944
2 0.956497 0.817800 0.080356 0.070333
6 0.040303 0.296939 0.080606 0.092344
6 0.295091 0.302417 0.119931 0.090100
6 0.334656 0.243072 0.038325 0.208789
6 0.601072 0.614506 0.128569 0.050544
6 0.560891 0.678244 0.045744 0.173622
6 0.282731 0.611206 0.038325 0.162633
6 0.199284 0.645278 0.205219 0.107689
6 0.306828 0.922089 0.044531 0.155822
0 0.497225 0.476044 0.071700 0.226378
15 0.108419 0.173844 0.213875 0.127467
2 0.074425 0.580439 0.046975 0.096700