10 0.783147 0.815633 0.105719 0.161444
11 0.853628 0.915639 0.075906 0.125300
6 0.838719 0.380694 0.119275 0.053011
6 0.884122 0.467444 0.044744 0.212044
6 0.581188 0.384311 0.081325 0.045778
6 0.560856 0.128889 0.040662 0.132533
6 0.636078 0.077106 0.182969 0.043322
6 0.867862 0.052983 0.088100 0.101211
6 0.270797 0.103589 0.116569 0.101200
6 0.312141 0.074683 0.044731 0.149367
2 0.008669 0.277083 0.017337 0.062656
2 0.080503 0.981917 0.161006 0.036167
2 0.359578 0.915650 0.042019 0.168700
2 0.335181 0.960217 0.088100 0.069878
2 0.656416 0.956611 0.044731 0.086778
2 0.673356 0.149372 0.184337 0.096389
2 0.694366 0.195156 0.079969 0.096378
2 0.335181 0.306000 0.112500 0.101200
2 0.372456 0.351783 0.037950 0.207233
2 0.179294 0.409611 0.047462 0.096378
2 0.288419 0.587922 0.043375 0.106022
2 0.701822 0.436117 0.157231 0.163856
2 0.585934 0.491539 0.082681 0.173500
2 0.823131 0.490333 0.090813 0.171089
0 0.499862 0.469833 0.097600 0.241000
15 0.107612 0.171061 0.215225 0.130122
6 0.045800 0.074672 0.086750 0.144589
6 0.726234 0.997544 0.094906 0.004867
2 0.800094 0.965056 0.077313 0.069889