2 0.193544 0.632494 0.054213 0.344567
6 0.554756 0.087928 0.112500 0.079522
6 0.593388 0.063844 0.043375 0.127689
6 0.967469 0.096389 0.065062 0.192778
6 0.987812 0.199972 0.024375 0.077100
6 0.020047 0.446961 0.035244 0.175900
6 0.228103 0.436117 0.085394 0.057833
6 0.240294 0.561417 0.055587 0.318078
6 0.476822 0.402383 0.197894 0.101211
6 0.554081 0.378289 0.040662 0.154222
6 0.825166 0.445756 0.048794 0.168667
6 0.862441 0.379494 0.123344 0.040967
6 0.354834 0.927683 0.222294 0.067478
6 0.252506 0.949372 0.050138 0.101211
6 0.852953 0.820456 0.044731 0.108444
6 0.915978 0.948167 0.116569 0.093978
6 0.598809 0.754194 0.048794 0.342167
2 0.149500 0.652983 0.050125 0.159033
2 0.920722 0.831300 0.090806 0.139756
2 0.865150 0.663828 0.098950 0.281922
2 0.890225 0.484311 0.084037 0.173489
2 0.639444 0.675878 0.048737 0.325311
2 0.388041 0.978289 0.220931 0.043378
2 0.680828 0.661389 0.047469 0.175889
2 0.018013 0.044567 0.033888 0.089133
2 0.112900 0.140939 0.047425 0.219278
2 0.071550 0.199978 0.119275 0.106022
2 0.739097 0.151778 0.044731 0.178311
2 0.777050 0.198767 0.112500 0.093978
2 0.872603 0.048178 0.111144 0.096356
6 0.260634 0.077094 0.036594 0.154189
2 0.915303 0.074683 0.044731 0.149367
6 0.622531 0.884311 0.093525 0.096378
6 0.299262 0.101178 0.111150 0.096378
2 0.438872 0.331294 0.195181 0.069878
2 0.358884 0.349394 0.035269 0.096344
2 0.421934 0.272239 0.077244 0.062700
2 0.362966 0.422867 0.035244 0.093978
11 0.849563 0.909611 0.078612 0.132533
10 0.785869 0.810811 0.094862 0.180733
2 0.425316 0.026494 0.292769 0.052989