6 0.819744 0.062639 0.040662 0.125278
7 0.118328 0.519250 0.177531 0.865056
7 0.182697 0.022878 0.135544 0.045756
11 0.854988 0.914433 0.059638 0.122889
10 0.785181 0.819250 0.074550 0.115656
2 0.959350 0.899989 0.062350 0.200022
2 0.940378 0.961433 0.089456 0.077133
2 0.865828 0.283111 0.111144 0.089156
2 0.908525 0.338528 0.047437 0.209633
2 0.719444 0.384311 0.046088 0.093978
2 0.846175 0.561417 0.044725 0.096389
2 0.270800 0.026478 0.040663 0.048200
2 0.757397 0.028900 0.089456 0.057800
0 0.512066 0.491539 0.094881 0.250611
2 0.660481 0.966250 0.220938 0.067500
7 0.216581 0.403589 0.097588 0.455422
6 0.781116 0.075878 0.120631 0.093978