6 0.048494 0.910817 0.065088 0.168678
11 0.854309 0.915606 0.079969 0.134989
10 0.777050 0.807206 0.088100 0.159033
0 0.506641 0.484311 0.092169 0.207222
15 0.110325 0.179489 0.220650 0.122889
7 0.062206 0.434917 0.124412 0.397589
7 0.046613 0.816844 0.093225 0.361444
6 0.093916 0.944556 0.123344 0.106022
6 0.930209 0.238528 0.044731 0.192767
6 0.955278 0.171061 0.089444 0.053011
2 0.734353 0.093950 0.111144 0.081922
2 0.774338 0.146961 0.044725 0.197589
2 0.711991 0.354194 0.039306 0.096389
2 0.593378 0.190333 0.035256 0.110844