11 0.854306 0.913228 0.069125 0.106011
15 0.108969 0.162622 0.217938 0.132533
5 0.395497 0.683111 0.056931 0.089156
10 0.784503 0.809611 0.059644 0.110844
2 0.730287 0.774672 0.043375 0.209633
2 0.852953 0.777083 0.058281 0.190367
2 0.409728 0.110817 0.098944 0.077100
2 0.445650 0.166239 0.037950 0.187944
2 0.256566 0.230094 0.042019 0.122900
2 0.311456 0.277078 0.075912 0.106022
2 0.343994 0.357806 0.081325 0.060233
2 0.680137 0.010828 0.078612 0.021656
2 0.749262 0.033722 0.084038 0.067444
2 0.807547 0.015650 0.035244 0.031300
0 0.505284 0.471061 0.070481 0.224100
1 0.379231 0.213228 0.067775 0.151811
6 0.594066 0.271044 0.044731 0.204800
6 0.629984 0.187928 0.119281 0.048189
6 0.894969 0.186722 0.112500 0.055422
6 0.939700 0.258989 0.036600 0.204867
6 0.091884 0.033722 0.176206 0.067444
6 0.626597 0.014444 0.033881 0.028889