6 0.979000 0.771544 0.042000 0.455422
2 0.804834 0.801178 0.054219 0.248200
2 0.936303 0.803589 0.054231 0.238556
10 0.783825 0.799972 0.066412 0.130122
11 0.854306 0.913228 0.069125 0.125300
6 0.660481 0.269128 0.047437 0.197589
6 0.693684 0.188406 0.113869 0.050611
6 0.953253 0.187206 0.090819 0.053011
6 0.991875 0.289611 0.016250 0.161444
6 0.122522 0.031778 0.245044 0.060244
2 0.082394 0.099228 0.162650 0.089100
15 0.110859 0.167928 0.211444 0.120478
2 0.474112 0.117322 0.105725 0.096378
2 0.507997 0.172744 0.043369 0.197600
2 0.743162 0.015289 0.071838 0.030578
2 0.816356 0.034567 0.079975 0.069133
2 0.865828 0.011672 0.029819 0.023344
2 0.323663 0.217322 0.037950 0.093978
2 0.434128 0.375156 0.044731 0.101200
0 0.506641 0.460694 0.094881 0.248189