2 0.550422 0.880950 0.077256 0.238100
14 0.500941 0.501311 0.998119 0.997378
2 0.253584 0.548644 0.079969 0.127711
2 0.092297 0.261900 0.088094 0.156622
6 0.510369 0.087200 0.078750 0.115667
2 0.276625 0.469128 0.028463 0.040967
2 0.841838 0.759489 0.031175 0.077111
2 0.691384 0.765517 0.039306 0.084344
2 0.988222 0.336600 0.020331 0.079511
15 0.893275 0.163106 0.212937 0.132522
7 0.500000 0.053467 1.000000 0.106022
12 0.450122 0.501656 0.036594 0.072289
14 0.500269 0.252261 0.234487 0.098789
6 0.870303 0.948422 0.085394 0.103156
6 0.475872 0.885994 0.082681 0.224100
2 0.955016 0.943600 0.089456 0.112800
6 0.632431 0.919506 0.086737 0.160989