6 0.374487 0.622867 0.126050 0.103622
6 0.098125 0.025289 0.196250 0.050578
6 0.022222 0.073467 0.044444 0.142178
6 0.144744 0.657806 0.084037 0.057833
6 0.162375 0.810828 0.059625 0.378344
6 0.535784 0.910828 0.044731 0.178344
6 0.777728 0.659011 0.048794 0.171089
6 0.817712 0.598767 0.128763 0.055422
6 0.189475 0.238528 0.046075 0.202411
6 0.226747 0.292744 0.117919 0.103622
6 0.535106 0.231300 0.040663 0.231333
0 0.505966 0.465033 0.085394 0.231333
6 0.497831 0.296361 0.115213 0.115656
6 0.600166 0.020467 0.108431 0.040933
1 0.609656 0.103589 0.062350 0.178311
2 0.580512 0.874683 0.044725 0.250633
2 0.621853 0.899972 0.046081 0.180722
2 0.842788 0.714428 0.086750 0.185544
2 0.813647 0.869856 0.101656 0.255422
10 0.781791 0.809611 0.067769 0.144578
11 0.850919 0.913228 0.075900 0.139767
2 0.375838 0.544556 0.204675 0.072289
2 0.292488 0.626478 0.040663 0.115667
2 0.355512 0.480694 0.085388 0.065056
2 0.250469 0.191539 0.084038 0.113256
2 0.480209 0.181900 0.079969 0.118067
2 0.361613 0.257806 0.157225 0.149389
2 0.686912 0.345756 0.046088 0.195178
2 0.723509 0.397561 0.124694 0.096389
2 0.766881 0.142144 0.078613 0.081933
2 0.812969 0.216839 0.081325 0.134944
2 0.873950 0.271061 0.043400 0.151811
2 0.033594 0.345756 0.048812 0.195178
2 0.026966 0.401178 0.053931 0.089156