6 0.800766 0.859011 0.132831 0.050600
6 0.155587 0.460217 0.037950 0.202411
6 0.197606 0.516844 0.119275 0.093978
2 0.007991 0.574672 0.015981 0.209633
2 0.759428 0.357806 0.082681 0.103611
2 0.804156 0.439733 0.088100 0.137356
2 0.863794 0.499972 0.050150 0.146989
2 0.028856 0.026478 0.055575 0.048200
2 0.029531 0.072261 0.040663 0.062656
2 0.669969 0.578289 0.047438 0.212044
2 0.709278 0.639733 0.126056 0.103622
2 0.655066 0.050589 0.042006 0.101178
2 0.688947 0.025272 0.033881 0.045789
2 0.839400 0.944556 0.093525 0.106022
2 0.292484 0.030106 0.035244 0.060211
2 0.400919 0.030106 0.040662 0.060211
2 0.074262 0.974672 0.040662 0.045789
15 0.112216 0.172267 0.214156 0.122889
2 0.259956 0.897561 0.040663 0.074700
15 0.109647 0.175878 0.219294 0.120489
0 0.497153 0.472261 0.108431 0.240967
2 0.341278 0.797567 0.214156 0.077111
2 0.255887 0.855394 0.046088 0.043367
2 0.324337 0.728889 0.088100 0.065067
2 0.213859 0.410822 0.081344 0.127711
2 0.293841 0.456600 0.078619 0.113244
2 0.270800 0.481900 0.043375 0.168667
6 0.385331 0.877083 0.215513 0.096389
6 0.470722 0.845756 0.044731 0.159044
6 0.129834 0.949372 0.048794 0.096389
6 0.766881 0.920467 0.059638 0.159067