0 0.510966 0.471628 0.095569 0.279122
1 0.962653 0.654339 0.062956 0.221144
4 0.928141 0.599728 0.065231 0.128100
2 0.897800 0.484439 0.101637 0.169900
2 0.653566 0.468256 0.110744 0.253511
5 0.776822 0.470283 0.138806 0.144278
2 0.785544 0.214683 0.113775 0.210500
2 0.969478 0.110183 0.056881 0.163300
2 0.529475 0.208278 0.133500 0.130800
2 0.641353 0.061294 0.062956 0.120011
2 0.228353 0.248733 0.127431 0.230578
2 0.324537 0.517261 0.125975 0.213811
5 0.330891 0.652211 0.124406 0.138511
2 0.153344 0.875083 0.101200 0.224744
4 0.106288 0.758778 0.052462 0.120244
5 0.038022 0.829572 0.073956 0.326989
5 0.551650 0.872367 0.097338 0.255267
2 0.526366 0.687428 0.140319 0.128100
2 0.754228 0.781250 0.095444 0.207878
5 0.416762 0.054556 0.202263 0.106756
