0 0.505825 0.488650 0.083437 0.225189
1 0.383466 0.727828 0.092844 0.268611
2 0.708384 0.534306 0.122331 0.267967
2 0.939394 0.644017 0.095025 0.335922
5 0.300437 0.554694 0.136525 0.413589
5 0.082228 0.253722 0.164456 0.126222
5 0.054784 0.593889 0.077181 0.148267
5 0.067491 0.908550 0.083431 0.169900
2 0.383403 0.941467 0.128181 0.117067
2 0.638809 0.926539 0.209706 0.089322
2 0.728919 0.895472 0.038225 0.151456
4 0.979963 0.957444 0.040075 0.085111
2 0.530778 0.265617 0.081156 0.140233
5 0.858487 0.365328 0.117987 0.132033
5 0.792381 0.186000 0.076375 0.176044
5 0.647338 0.160178 0.068475 0.126422
5 0.958059 0.396461 0.077181 0.085833
5 0.100150 0.501106 0.071638 0.070233
5 0.294425 0.139028 0.038188 0.085833
