2 0.746572 0.373028 0.294906 0.169900
0 0.505372 0.477400 0.116506 0.304200
4 0.204097 0.427233 0.081919 0.148867
2 0.079397 0.564778 0.131069 0.165044
2 0.067112 0.750861 0.133800 0.207122
2 0.373394 0.635978 0.109225 0.252422
2 0.570447 0.776756 0.190231 0.184467
9 0.780247 0.816400 0.091019 0.140778
5 0.700606 0.694228 0.122875 0.284789
5 0.933619 0.906178 0.122875 0.187644
2 0.954747 0.487111 0.090506 0.245956
2 0.798906 0.089050 0.243025 0.135922
5 0.181341 0.253289 0.127431 0.186089
2 0.067569 0.227400 0.109225 0.224911
5 0.277419 0.649478 0.053725 0.215378
2 0.239497 0.963328 0.103244 0.073344
5 0.569450 0.060650 0.113775 0.121300
2 0.336587 0.086244 0.345875 0.126756
2 0.318284 0.180189 0.070794 0.065178
