4 0.169106 0.569544 0.057938 0.087400
0 0.419503 0.473911 0.084756 0.288022
2 0.207953 0.678794 0.131244 0.138900
2 0.216512 0.576956 0.040387 0.060089
5 0.106497 0.688806 0.080594 0.409211
5 0.228172 0.825994 0.160656 0.146078
5 0.619531 0.653261 0.128313 0.189900
5 0.574972 0.825189 0.054356 0.135978
2 0.663147 0.822378 0.132106 0.130356
2 0.795569 0.606628 0.098600 0.193278
2 0.937156 0.368406 0.085962 0.265189
2 0.715609 0.296489 0.113144 0.242711
5 0.833809 0.299300 0.120731 0.142711
2 0.816709 0.064528 0.122056 0.129056
2 0.573678 0.053294 0.117631 0.106589
2 0.276312 0.109478 0.119462 0.218956
2 0.384084 0.312222 0.126419 0.146089
2 0.571197 0.482606 0.128494 0.103011
