16 0.412766 0.603800 0.046094 0.081933
1 0.257028 0.764550 0.066719 0.212256
1 0.189694 0.174117 0.057063 0.227122
2 0.341859 0.361439 0.238294 0.096633
5 0.322581 0.455833 0.199737 0.150578
5 0.553519 0.111378 0.104675 0.184467
2 0.743750 0.405067 0.206612 0.273467
9 0.782531 0.813167 0.065400 0.109244
5 0.710500 0.881678 0.090425 0.204444
5 0.325766 0.893772 0.262931 0.211478
2 0.075125 0.587528 0.134000 0.222500
2 0.022597 0.344100 0.045194 0.150222
5 0.152691 0.065439 0.116931 0.073033
0 0.501094 0.461706 0.083738 0.305833
2 0.603034 0.593578 0.120144 0.220067
