2 0.020466 0.593283 0.040931 0.111722
0 0.502678 0.483578 0.087569 0.249089
4 0.180734 0.807939 0.125681 0.195967
4 0.932897 0.868378 0.115381 0.197800
2 0.304447 0.416394 0.041206 0.399878
2 0.273969 0.573594 0.337400 0.070211
2 0.707094 0.364500 0.070400 0.207578
2 0.671891 0.421733 0.168269 0.077844
2 0.618234 0.525217 0.047219 0.146522
2 0.321616 0.019172 0.038631 0.038344
5 0.319044 0.068100 0.110750 0.090044
5 0.276547 0.652256 0.329669 0.087911
5 0.701747 0.538589 0.118044 0.094333
5 0.737819 0.463867 0.037562 0.053000
5 0.631397 0.330317 0.084656 0.127189
5 0.518531 0.088133 0.078000 0.132489
5 0.273891 0.293050 0.034281 0.143967
