2 0.750137 0.874783 0.126713 0.247256
14 0.109169 0.173872 0.218337 0.128211
11 0.172284 0.608483 0.043269 0.071433
11 0.438597 0.446400 0.038119 0.065933
0 0.496291 0.444567 0.077269 0.227111
4 0.570466 0.606289 0.062844 0.157511
2 0.316206 0.829244 0.291038 0.106844
2 0.440263 0.895328 0.051512 0.207567
2 0.666484 0.375617 0.303056 0.096100
2 0.675928 0.196306 0.048931 0.338833
2 0.302475 0.242856 0.040350 0.340356
2 0.354841 0.377167 0.157106 0.090044
2 0.976656 0.278572 0.046688 0.175522
2 0.818647 0.772222 0.032969 0.053111
2 0.981788 0.780733 0.036425 0.109378
2 0.373556 0.603939 0.039350 0.073767
2 0.192909 0.277328 0.038631 0.077589
5 0.133887 0.506006 0.115188 0.138633
5 0.121728 0.634344 0.129494 0.129733
2 0.524194 0.127083 0.033287 0.082144
2 0.786766 0.225478 0.037756 0.094511
2 0.846128 0.550689 0.043056 0.098622
5 0.662447 0.433889 0.313356 0.069956
5 0.325122 0.037294 0.075119 0.074589
5 0.355169 0.278089 0.076550 0.094111
5 0.634906 0.091761 0.033625 0.133544
5 0.828997 0.899833 0.040744 0.197844
5 0.865019 0.809744 0.045213 0.158978
