14 0.111831 0.172222 0.223663 0.139156
6 0.496256 0.275783 0.989363 0.093856
16 0.735194 0.443256 0.040050 0.063111
16 0.844419 0.584844 0.043688 0.090622
16 0.704703 0.644717 0.046419 0.074433
1 0.529625 0.626567 0.075850 0.194178
7 0.525222 0.499078 0.055306 0.042911
0 0.498884 0.442111 0.059694 0.245800
11 0.510516 0.463567 0.028531 0.046822
2 0.628838 0.763428 0.133500 0.157767
2 0.237453 0.760733 0.247269 0.155067
2 0.233662 0.906367 0.235138 0.117311
2 0.672375 0.912839 0.204163 0.107878
2 0.733688 0.794283 0.068900 0.153944
2 0.982641 0.750144 0.034719 0.143267
