2 0.017309 0.349044 0.034619 0.145733
2 0.983966 0.602872 0.032069 0.147944
14 0.109531 0.189267 0.219062 0.147689
2 0.118294 0.685722 0.088000 0.156444
2 0.295719 0.894311 0.049362 0.211378
1 0.402319 0.798794 0.070825 0.239122
9 0.783641 0.812150 0.065106 0.115744
2 0.710313 0.747922 0.124487 0.152622
2 0.843025 0.411511 0.082275 0.156444
2 0.834437 0.090483 0.046500 0.143722
2 0.644491 0.170617 0.078694 0.128456
2 0.567584 0.457928 0.080844 0.165344
2 0.409472 0.572400 0.083706 0.193333
2 0.254581 0.461111 0.087288 0.169156
4 0.361881 0.199161 0.051175 0.113056
4 0.475306 0.176189 0.050175 0.111289
4 0.415891 0.112750 0.081419 0.114700
1 0.061538 0.453539 0.070050 0.205122
0 0.494025 0.465078 0.085513 0.282044
