5 0.337134 0.731394 0.612744 0.085433
5 0.237716 0.627289 0.164169 0.113933
2 0.846844 0.441317 0.128187 0.221144
5 0.160875 0.198328 0.053125 0.225189
2 0.640153 0.388722 0.083431 0.202267
2 0.793750 0.166233 0.132738 0.126756
2 0.542687 0.162189 0.150938 0.145622
2 0.519553 0.075700 0.206306 0.151400
2 0.238912 0.182411 0.089500 0.210356
2 0.044356 0.177289 0.084950 0.188778
2 0.109588 0.467206 0.141075 0.134833
2 0.383025 0.504961 0.052338 0.094389
2 0.459253 0.342472 0.063719 0.098433
5 0.232594 0.330444 0.192062 0.082444
2 0.745194 0.696828 0.200537 0.139811
5 0.575059 0.392233 0.041869 0.213600
0 0.503069 0.467567 0.077113 0.235978
