2 0.799453 0.269944 0.134506 0.151356
1 0.638969 0.190306 0.050675 0.228944
1 0.685175 0.181828 0.041737 0.201389
11 0.490575 0.398539 0.040350 0.070211
11 0.539937 0.480189 0.042925 0.077844
11 0.477694 0.510717 0.030050 0.068678
2 0.379866 0.367506 0.076019 0.150144
2 0.366041 0.747411 0.086581 0.398089
2 0.600159 0.863539 0.082969 0.165167
2 0.936659 0.691039 0.084956 0.162522
2 0.926728 0.771578 0.027181 0.076311
2 0.918931 0.323367 0.158825 0.141178
13 0.888525 0.169472 0.219637 0.120833
2 0.374762 0.522772 0.137362 0.154144
5 0.649056 0.732783 0.122763 0.122100
5 0.677816 0.864806 0.070394 0.151100
5 0.889013 0.576956 0.152812 0.140422
5 0.271953 0.420194 0.071544 0.241656
5 0.324716 0.371972 0.033981 0.145211
2 0.261044 0.180878 0.104337 0.151578
2 0.113256 0.124233 0.078300 0.153844
2 0.432622 0.178267 0.043269 0.159333
5 0.105056 0.917089 0.124863 0.153844
5 0.031819 0.691822 0.063637 0.156044
5 0.031497 0.375333 0.059344 0.243956
5 0.252172 0.066983 0.067994 0.079122
