2 0.426034 0.605228 0.086969 0.234211
2 0.922019 0.211372 0.086975 0.165278
2 0.862078 0.480906 0.086969 0.165278
2 0.336109 0.310589 0.121031 0.150600
2 0.102816 0.320017 0.119869 0.165278
2 0.980991 0.825672 0.038019 0.165278
2 0.542394 0.313750 0.086975 0.165278
2 0.019378 0.616739 0.037619 0.219633
2 0.062000 0.939422 0.124000 0.121156
2 0.314378 0.931067 0.169244 0.137867
16 0.442694 0.438128 0.102350 0.126300
1 0.301019 0.399689 0.056638 0.167467
0 0.512069 0.450567 0.056638 0.180178
14 0.113138 0.172022 0.226275 0.147689
4 0.744716 0.951856 0.065106 0.096289
