2 0.246516 0.375617 0.082269 0.230767
1 0.302156 0.285467 0.048650 0.161533
2 0.611816 0.618078 0.275869 0.162978
2 0.494513 0.295228 0.261725 0.366433
2 0.224612 0.802211 0.346525 0.395578
2 0.735472 0.888150 0.523181 0.205700
2 0.883847 0.738667 0.082269 0.162978
2 0.868300 0.463561 0.082275 0.225767
2 0.791300 0.154533 0.174150 0.296178
2 0.972228 0.093556 0.055544 0.187111
2 0.407616 0.074689 0.082269 0.149378
2 0.139116 0.090500 0.082269 0.162978
2 0.234497 0.049072 0.114756 0.095189
4 0.854972 0.055767 0.056519 0.091578
2 0.270537 0.140722 0.051175 0.132778
