14 0.113084 0.182683 0.226169 0.124056
5 0.342066 0.279778 0.147906 0.555556
0 0.493006 0.456417 0.097850 0.242722
2 0.460772 0.620250 0.107706 0.136189
2 0.350409 0.681606 0.087231 0.124056
5 0.137272 0.604744 0.126669 0.261600
5 0.226397 0.818472 0.091019 0.217100
4 0.444844 0.933094 0.066750 0.128100
9 0.784647 0.810383 0.078881 0.128100
4 0.899938 0.683628 0.080400 0.128100
2 0.759613 0.228478 0.119275 0.251644
2 0.952413 0.321917 0.077325 0.300589
5 0.782678 0.422494 0.086469 0.108411
5 0.916931 0.081878 0.162013 0.116511
2 0.689091 0.578811 0.221856 0.100000
2 0.774422 0.558028 0.049931 0.159567
2 0.736809 0.754106 0.137794 0.104500
2 0.795594 0.856928 0.055625 0.283167
2 0.723537 0.905244 0.088488 0.166311
