5 0.723600 0.431267 0.198475 0.132600
5 0.772350 0.244300 0.087350 0.182600
5 0.969906 0.061306 0.060187 0.122611
5 0.833941 0.044917 0.088494 0.089833
5 0.993269 0.222522 0.013462 0.153578
5 0.367172 0.022811 0.079644 0.041578
5 0.490200 0.025133 0.037925 0.050267
9 0.782584 0.813961 0.096919 0.179789
2 0.570837 0.819572 0.211750 0.245367
0 0.505066 0.479611 0.096331 0.257556
2 0.725409 0.114183 0.084956 0.141589
2 0.914653 0.373761 0.128181 0.253500
5 0.507266 0.403289 0.144119 0.408578
5 0.272131 0.122144 0.169900 0.126756
5 0.276306 0.422167 0.073575 0.141578
5 0.275169 0.776133 0.113775 0.159111
5 0.077200 0.486217 0.083437 0.145633
5 0.072269 0.092478 0.087225 0.167200
5 0.380369 0.947733 0.087987 0.104533
5 0.048347 0.776806 0.096694 0.140233
2 0.860319 0.741972 0.190888 0.098878
2 0.907725 0.944239 0.134000 0.098878
2 0.943122 0.709389 0.045506 0.150578
