6 0.037691 0.500067 0.068156 0.999867
5 0.292616 0.770222 0.137619 0.253978
5 0.319484 0.371778 0.131069 0.202711
5 0.726453 0.414889 0.148106 0.125822
0 0.502325 0.473139 0.077325 0.214367
1 0.613078 0.176028 0.070781 0.235389
2 0.760528 0.104983 0.051119 0.130478
2 0.930262 0.365956 0.125825 0.260978
2 0.867350 0.736439 0.225437 0.093211
2 0.600628 0.772556 0.158594 0.132822
2 0.521984 0.869250 0.095681 0.088544
2 0.928431 0.944983 0.143138 0.109522
5 0.507722 0.263189 0.109981 0.126756
5 0.804675 0.182278 0.037925 0.083600
5 0.434147 0.493772 0.044756 0.167211
5 0.486484 0.623222 0.087231 0.080911
5 0.575606 0.487028 0.066750 0.132144
5 0.400356 0.943339 0.085325 0.100011
5 0.289406 0.110906 0.178038 0.117056
5 0.245950 0.199394 0.112200 0.065544
5 0.399756 0.089833 0.039500 0.082400
5 0.961984 0.585050 0.076031 0.117700
