5 0.541681 0.259128 0.078000 0.101567
5 0.812253 0.131589 0.113769 0.154578
5 0.804725 0.535528 0.114687 0.088322
5 0.839297 0.459717 0.038919 0.058878
5 0.231759 0.422617 0.078994 0.085678
5 0.425872 0.650672 0.078494 0.090100
8 0.500353 0.347383 0.063794 0.051944
0 0.529866 0.427939 0.065581 0.043456
1 0.531797 0.546006 0.071544 0.178411
0 0.497512 0.467844 0.066575 0.177533
11 0.443856 0.562789 0.040737 0.060067
2 0.525444 0.801339 0.125200 0.161522
2 0.731488 0.803244 0.122338 0.167889
2 0.908197 0.866644 0.056519 0.266711
2 0.762034 0.453939 0.122769 0.152633
2 0.872356 0.136478 0.077262 0.149578
2 0.617547 0.189000 0.069056 0.144844
2 0.466413 0.291283 0.071538 0.147500
2 0.317366 0.185822 0.069556 0.150156
2 0.194272 0.392750 0.081081 0.144144
14 0.110250 0.181828 0.220500 0.120833
2 0.365316 0.624333 0.044119 0.161111
5 0.273281 0.834889 0.207763 0.210622
5 0.467984 0.069628 0.435719 0.099211
5 0.466922 0.160567 0.233231 0.092844
5 0.390747 0.252739 0.079081 0.093478
