0 0.503231 0.458617 0.067300 0.268567
11 0.418369 0.428444 0.039500 0.061778
7 0.421188 0.341217 0.062550 0.081989
11 0.440866 0.535283 0.035844 0.072833
2 0.412331 0.583078 0.051213 0.099489
2 0.661425 0.624944 0.079450 0.237222
2 0.860309 0.764256 0.162044 0.187933
5 0.966459 0.681011 0.067081 0.267267
5 0.800266 0.925689 0.165044 0.148267
2 0.523731 0.951533 0.149237 0.096933
2 0.321156 0.723583 0.238350 0.165433
2 0.160944 0.948800 0.221662 0.102400
5 0.151856 0.562594 0.098763 0.367544
14 0.108981 0.182928 0.217963 0.115967
6 0.049575 0.518017 0.091025 0.516456
6 0.068159 0.065844 0.117569 0.131689
2 0.702259 0.303344 0.128181 0.140244
2 0.921287 0.387172 0.117562 0.192144
5 0.819209 0.065822 0.127681 0.131644
2 0.589128 0.114222 0.337531 0.126978
2 0.956688 0.087261 0.081538 0.084278
2 0.942156 0.019750 0.115687 0.039500
5 0.581838 0.585028 0.073525 0.189233
2 0.341294 0.220411 0.110612 0.204511
5 0.454750 0.269300 0.106187 0.162933
