5 0.372403 0.136572 0.107706 0.120011
13 0.891144 0.164639 0.217712 0.137011
8 0.489291 0.374972 0.074331 0.072811
2 0.675291 0.575078 0.131069 0.097089
2 0.785606 0.313911 0.115775 0.215533
2 0.579175 0.282850 0.096113 0.161167
2 0.343797 0.318772 0.081919 0.201944
2 0.139553 0.311972 0.108131 0.234944
5 0.208363 0.349839 0.042600 0.275722
5 0.126991 0.462461 0.209706 0.104856
5 0.047803 0.396439 0.036044 0.073789
5 0.034006 0.145794 0.068012 0.291589
6 0.501506 0.867072 0.996538 0.167767
5 0.713137 0.362622 0.049150 0.307444
5 0.795056 0.462944 0.196600 0.090622
2 0.353825 0.036933 0.065987 0.073867
2 0.568100 0.036261 0.075850 0.072522
5 0.458494 0.040306 0.140325 0.080611
5 0.560134 0.136567 0.106944 0.130800
5 0.458872 0.256583 0.141081 0.179344
1 0.434375 0.501994 0.071300 0.188789
