2 0.886662 0.429283 0.086975 0.165278
9 0.782900 0.812878 0.063875 0.131867
0 0.499072 0.460317 0.089631 0.247256
2 0.590875 0.356150 0.086975 0.165278
2 0.698612 0.356150 0.086975 0.165278
2 0.586956 0.533756 0.086975 0.165267
2 0.710366 0.549428 0.086969 0.165278
2 0.781866 0.183772 0.086969 0.165278
2 0.817125 0.728772 0.086975 0.165278
2 0.657478 0.848917 0.086969 0.165278
2 0.483137 0.727028 0.086975 0.165278
2 0.412619 0.446694 0.086975 0.165278
2 0.485097 0.166361 0.086969 0.165278
2 0.636909 0.062689 0.086969 0.125378
2 0.377359 0.032217 0.086969 0.064433
2 0.225547 0.229044 0.086969 0.165267
2 0.207919 0.584250 0.086975 0.165278
2 0.087447 0.122828 0.086969 0.165278
2 0.353366 0.943533 0.086969 0.112933
2 0.959347 0.979050 0.081306 0.041900
