2 0.514359 0.239422 0.087506 0.370489
2 0.941309 0.231050 0.117381 0.339878
2 0.874084 0.712161 0.087506 0.463011
2 0.765716 0.632106 0.126394 0.627944
2 0.716825 0.160000 0.193475 0.207111
2 0.216422 0.956267 0.087506 0.087467
2 0.244088 0.652906 0.039213 0.347367
2 0.210531 0.583778 0.087500 0.221778
2 0.287678 0.257178 0.230019 0.318133
2 0.593259 0.358750 0.075731 0.102500
2 0.537328 0.857872 0.204094 0.284256
2 0.393066 0.734350 0.087506 0.531300
1 0.938031 0.959494 0.081562 0.081011
4 0.904478 0.634472 0.057231 0.122100
1 0.974131 0.677961 0.051737 0.181878
6 0.099788 0.501267 0.136488 0.986378
1 0.909509 0.459217 0.067994 0.142856
1 0.859569 0.361239 0.054562 0.137344
1 0.782797 0.276989 0.055631 0.075089
