2 0.313003 0.727156 0.089544 0.143267
0 0.496875 0.438350 0.074338 0.258900
16 0.505787 0.626006 0.049300 0.078656
1 0.629044 0.828833 0.064475 0.252822
4 0.409397 0.952344 0.076481 0.095311
6 0.500625 0.070028 0.998750 0.137478
6 0.032738 0.504144 0.065475 0.991711
5 0.537453 0.313617 0.194681 0.148322
5 0.366794 0.368683 0.073325 0.143833
5 0.321916 0.450150 0.074581 0.084278
5 0.296947 0.551278 0.039819 0.111244
5 0.182856 0.832767 0.084700 0.155067
5 0.116806 0.622072 0.079012 0.203389
5 0.097525 0.324294 0.075850 0.151700
5 0.144619 0.235522 0.080275 0.079778
2 0.416506 0.651778 0.115350 0.153578
2 0.662544 0.624528 0.198050 0.098322
2 0.741766 0.595589 0.040031 0.155444
2 0.703691 0.807261 0.125156 0.105633
2 0.755837 0.880861 0.058787 0.234856
2 0.726697 0.265750 0.119844 0.250811
2 0.930584 0.336272 0.091019 0.262944
5 0.754025 0.464550 0.079013 0.110544
5 0.780687 0.562283 0.035850 0.087789
5 0.855834 0.873489 0.085156 0.220844
5 0.912022 0.738878 0.044769 0.201333
