2 0.112456 0.113483 0.078125 0.153722
2 0.293734 0.062917 0.087231 0.052589
5 0.245191 0.131689 0.184319 0.101133
5 0.622541 0.045956 0.074331 0.091911
5 0.672847 0.315100 0.151094 0.139156
2 0.829853 0.478533 0.086469 0.171511
2 0.914503 0.518178 0.075544 0.085756
0 0.498534 0.475978 0.063206 0.175578
5 0.281372 0.546333 0.093294 0.156422
3 0.519475 0.391106 0.062575 0.098878
4 0.081634 0.800806 0.091019 0.147211
4 0.050472 0.953439 0.095444 0.093122
2 0.384209 0.671467 0.049931 0.162933
2 0.435094 0.750128 0.159287 0.073033
2 0.682869 0.886089 0.103663 0.162933
1 0.861128 0.942778 0.085994 0.114444
3 0.899938 0.332900 0.068263 0.106800
2 0.570903 0.300539 0.047331 0.135922
2 0.834862 0.248761 0.049150 0.294500
2 0.789806 0.400056 0.144725 0.053400
2 0.285922 0.323839 0.157006 0.140233
