2 0.963113 0.272717 0.053437 0.089456
2 0.888556 0.540983 0.217262 0.354033
11 0.396934 0.507144 0.063006 0.069111
11 0.562063 0.674989 0.053437 0.069111
0 0.498563 0.459817 0.070750 0.270522
4 0.533906 0.884200 0.094237 0.150467
2 0.353922 0.741517 0.140156 0.168300
2 0.668578 0.611022 0.144469 0.417067
2 0.570341 0.271872 0.245069 0.146033
2 0.390059 0.299750 0.140006 0.276056
2 0.128369 0.352722 0.222387 0.283444
2 0.259213 0.084200 0.121425 0.168400
2 0.803572 0.159783 0.172106 0.311767
2 0.865772 0.885978 0.126581 0.228044
2 0.118500 0.697872 0.237000 0.410922
