1 0.355838 0.477378 0.076413 0.225889
0 0.500069 0.456778 0.086713 0.239622
2 0.974413 0.535239 0.051175 0.165278
2 0.935894 0.919572 0.086975 0.160856
9 0.783206 0.814533 0.064388 0.114467
2 0.919444 0.735822 0.086975 0.165267
2 0.788981 0.723283 0.086975 0.165278
2 0.804263 0.924794 0.086975 0.150411
2 0.119634 0.827767 0.128106 0.223800
2 0.606806 0.848650 0.086975 0.165278
2 0.682025 0.528967 0.086975 0.165267
2 0.840694 0.426583 0.086975 0.165278
2 0.837169 0.221817 0.086975 0.165278
2 0.555094 0.299139 0.086975 0.211278
2 0.245984 0.478817 0.086969 0.165278
2 0.401125 0.616722 0.086975 0.165267
