14 0.110616 0.173139 0.218819 0.127478
2 0.076416 0.838400 0.087506 0.171556
2 0.414131 0.839622 0.087500 0.171556
2 0.580959 0.839622 0.087506 0.171556
2 0.580144 0.592467 0.087500 0.171556
2 0.421491 0.595900 0.087506 0.171556
2 0.255478 0.593000 0.087506 0.171556
2 0.098462 0.600267 0.087500 0.171556
2 0.573375 0.358967 0.087500 0.171556
2 0.416750 0.363156 0.087500 0.171556
2 0.644319 0.166456 0.509113 0.171556
2 0.978437 0.097961 0.043125 0.190967
2 0.247063 0.835189 0.087500 0.171556
2 0.112366 0.360378 0.087506 0.171556
4 0.597703 0.444322 0.045069 0.124644
0 0.504419 0.444433 0.053163 0.237600
1 0.456972 0.406456 0.055644 0.189889
7 0.465666 0.293394 0.065081 0.053878
8 0.497862 0.349222 0.032787 0.035333
2 0.266928 0.358922 0.087506 0.171556
2 0.279197 0.165567 0.087506 0.171556
