1 0.434188 0.107344 0.057500 0.209133
0 0.493444 0.454989 0.064525 0.214600
7 0.537338 0.083000 0.053200 0.035578
2 0.623881 0.127756 0.039500 0.081467
2 0.704734 0.278050 0.044244 0.104878
2 0.843791 0.127289 0.040031 0.101133
2 0.858278 0.328150 0.042669 0.111433
2 0.669053 0.550606 0.128944 0.316878
5 0.328678 0.443294 0.175081 0.410144
2 0.185512 0.406772 0.084700 0.157322
2 0.171925 0.629828 0.090387 0.178678
2 0.038238 0.397783 0.074587 0.130344
2 0.052459 0.192711 0.091656 0.158444
1 0.543019 0.207544 0.068263 0.188778
5 0.613925 0.253611 0.073738 0.147956
2 0.831825 0.533278 0.049300 0.122711
6 0.498500 0.869606 0.997000 0.187656
2 0.963150 0.644194 0.067425 0.160122
2 0.970156 0.280867 0.042663 0.116111
2 0.957819 0.068300 0.084363 0.134844
5 0.800547 0.034617 0.101656 0.069233
2 0.668862 0.037428 0.144850 0.074856
2 0.282069 0.039967 0.505163 0.079933
2 0.199394 0.184056 0.071988 0.108467
2 0.254922 0.177417 0.037306 0.084278
2 0.315409 0.675500 0.041331 0.083889
5 0.033484 0.494089 0.066969 0.087400
5 0.021412 0.280661 0.042825 0.095989
