6 0.210338 0.502017 0.297088 0.995967
9 0.779609 0.799406 0.091019 0.150478
2 0.475606 0.614128 0.047325 0.064722
2 0.433737 0.356039 0.072813 0.127833
2 0.735012 0.555878 0.045513 0.097089
2 0.831494 0.246011 0.192963 0.247578
2 0.625787 0.190183 0.078275 0.103567
2 0.602344 0.682817 0.171925 0.255078
2 0.536606 0.845189 0.045513 0.065178
5 0.729872 0.075328 0.297331 0.090344
5 0.701959 0.247517 0.069781 0.249456
5 0.708087 0.893056 0.293287 0.142711
5 0.970978 0.918344 0.058044 0.087644
5 0.858522 0.976028 0.088494 0.047944
