1 0.539138 0.460733 0.064625 0.218444
0 0.477700 0.435656 0.058250 0.245956
2 0.893659 0.192933 0.085556 0.203889
2 0.963744 0.453450 0.065538 0.064722
2 0.608312 0.199406 0.142900 0.103567
2 0.645631 0.281122 0.073725 0.208733
2 0.708434 0.417044 0.124694 0.156956
5 0.810800 0.457294 0.082800 0.205633
5 0.792787 0.597756 0.049300 0.079778
5 0.419116 0.429700 0.373181 0.152378
5 0.206734 0.459361 0.051581 0.090344
5 0.628078 0.452617 0.038681 0.090344
5 0.570812 0.303611 0.075850 0.110578
2 0.232144 0.242933 0.073575 0.204956
2 0.306100 0.297544 0.071300 0.117311
2 0.202944 0.374406 0.047025 0.060678
2 0.059256 0.843367 0.042350 0.295489
2 0.096869 0.872072 0.037925 0.240522
2 0.175878 0.888900 0.120094 0.139333
2 0.018491 0.908567 0.035394 0.174178
5 0.181881 0.729339 0.204162 0.058433
5 0.221703 0.792267 0.205431 0.067422
5 0.321256 0.903511 0.168137 0.148333
2 0.495119 0.658372 0.084275 0.166678
2 0.402609 0.148272 0.030031 0.090611
2 0.822366 0.812428 0.082144 0.354478
2 0.915084 0.903906 0.104294 0.174167
2 0.838709 0.606128 0.043194 0.063678
5 0.985681 0.569489 0.028637 0.203533
