2 0.610344 0.614856 0.059162 0.138889
2 0.868181 0.931978 0.126700 0.128156
2 0.672672 0.751389 0.238106 0.124267
14 0.109909 0.179778 0.218881 0.132822
3 0.907678 0.682283 0.081919 0.111922
0 0.488594 0.462000 0.057313 0.263778
2 0.775341 0.871778 0.111406 0.132044
2 0.963028 0.586844 0.056356 0.158444
5 0.668125 0.851317 0.114025 0.184078
2 0.140578 0.949539 0.068156 0.100922
2 0.062591 0.936722 0.114031 0.126556
2 0.157616 0.864128 0.104856 0.158456
2 0.265684 0.737139 0.260956 0.104856
5 0.472338 0.051956 0.217000 0.094533
2 0.640413 0.029211 0.042775 0.045467
2 0.783769 0.191100 0.034588 0.090622
2 0.821084 0.118206 0.047331 0.236411
5 0.973347 0.272817 0.053306 0.153722
5 0.674091 0.412783 0.070081 0.090611
5 0.274969 0.403883 0.094662 0.092233
5 0.368719 0.374756 0.101938 0.150489
1 0.328944 0.914078 0.068262 0.161822
1 0.114972 0.498894 0.081156 0.276433
5 0.257569 0.857150 0.082800 0.169678
2 0.322572 0.609467 0.062194 0.160467
2 0.244372 0.635083 0.111494 0.090344
2 0.274331 0.331011 0.087987 0.083600
2 0.468509 0.376183 0.095569 0.144278
2 0.661925 0.330339 0.089500 0.076856
2 0.690369 0.635089 0.103912 0.084956
