3 0.558434 0.149728 0.066444 0.100322
2 0.249422 0.117378 0.041869 0.129467
2 0.809300 0.361550 0.106162 0.116500
2 0.874175 0.941744 0.136312 0.111844
5 0.344537 0.134356 0.142900 0.124600
2 0.317691 0.651350 0.091019 0.152100
2 0.610316 0.678050 0.088294 0.163433
2 0.034166 0.447461 0.051881 0.135922
2 0.091050 0.540511 0.151088 0.079289
2 0.091944 0.365750 0.183888 0.292878
2 0.071025 0.833389 0.141987 0.098711
2 0.019128 0.900917 0.038256 0.198167
2 0.083766 0.942989 0.125606 0.114022
2 0.023044 0.161161 0.046087 0.086211
2 0.849275 0.451261 0.107475 0.104856
2 0.872866 0.206594 0.068156 0.375144
11 0.712712 0.672389 0.072813 0.184467
5 0.857887 0.699083 0.090113 0.402922
5 0.520206 0.652967 0.082825 0.229778
5 0.566625 0.563972 0.177487 0.064722
5 0.406434 0.703939 0.081006 0.231389
0 0.356828 0.778372 0.185681 0.101944
5 0.602125 0.249244 0.139262 0.076044
5 0.638078 0.320439 0.076456 0.066344
2 0.564350 0.311544 0.067350 0.077667
2 0.487441 0.274328 0.082831 0.142389
2 0.451944 0.203128 0.142900 0.055011
2 0.498816 0.099572 0.032769 0.197411
3 0.196178 0.210411 0.071906 0.108422
