5 0.700972 0.188217 0.079644 0.376433
5 0.734725 0.081122 0.300362 0.094400
2 0.834466 0.254394 0.182794 0.249456
2 0.621709 0.208550 0.086469 0.149678
2 0.619434 0.018417 0.081919 0.036411
8 0.303141 0.342583 0.062194 0.055278
2 0.598044 0.678322 0.178875 0.255089
2 0.468506 0.608956 0.060075 0.063111
5 0.706522 0.889700 0.288531 0.155333
9 0.780706 0.801511 0.063712 0.156956
6 0.216016 0.500000 0.351656 1.000000
2 0.437925 0.357500 0.081913 0.132689
5 0.967475 0.913972 0.057338 0.076056
2 0.977944 0.764294 0.043688 0.194167
2 0.735556 0.560411 0.034587 0.097089
