2 0.668572 0.846111 0.210481 0.305111
14 0.108088 0.179000 0.216175 0.106222
4 0.265141 0.922339 0.099694 0.142456
4 0.560428 0.962500 0.099694 0.075000
4 0.286281 0.144928 0.064062 0.142456
1 0.388625 0.125922 0.087250 0.205711
0 0.488322 0.488333 0.072981 0.234222
2 0.740219 0.578506 0.053437 0.142456
2 0.250688 0.652867 0.373875 0.259600
2 0.051312 0.239844 0.092625 0.477911
2 0.910234 0.845683 0.144906 0.308633
2 0.858031 0.525556 0.053437 0.099778
2 0.822831 0.059844 0.053437 0.104311
2 0.505181 0.199500 0.053437 0.102778
2 0.985084 0.301739 0.029419 0.142456
2 0.412641 0.879944 0.128844 0.232556
