2 0.415612 0.981000 0.087500 0.038000
4 0.597287 0.060928 0.064387 0.119056
4 0.811059 0.400978 0.079844 0.097689
2 0.407669 0.056367 0.182162 0.112733
2 0.163609 0.277639 0.160531 0.366278
2 0.068937 0.693950 0.137875 0.343211
2 0.238969 0.982044 0.087500 0.035911
2 0.520412 0.853289 0.125175 0.293422
2 0.741813 0.978906 0.132250 0.042189
2 0.965028 0.414678 0.069944 0.110867
2 0.949719 0.194828 0.100563 0.194567
2 0.753597 0.414383 0.040406 0.343233
2 0.801269 0.230156 0.081587 0.263689
2 0.746528 0.765044 0.155819 0.140133
2 0.518059 0.573839 0.115756 0.100322
2 0.619434 0.413844 0.085131 0.422756
2 0.353984 0.334039 0.087506 0.266967
