0 0.504597 0.467450 0.065231 0.221144
4 0.600166 0.535544 0.060681 0.130800
5 0.698772 0.347439 0.251819 0.364078
2 0.946041 0.230122 0.086469 0.207667
5 0.862606 0.524756 0.084950 0.287222
5 0.449984 0.497789 0.370144 0.219800
5 0.617609 0.413511 0.069781 0.248111
0 0.674119 0.490372 0.044750 0.080900
5 0.227444 0.802672 0.203275 0.115967
5 0.371937 0.928072 0.163075 0.129456
5 0.350319 0.836378 0.036412 0.053933
2 0.100772 0.797278 0.043994 0.142933
2 0.146663 0.931672 0.281400 0.136656
2 0.274800 0.228733 0.077113 0.119111
2 0.308612 0.333233 0.154862 0.112378
2 0.244775 0.411894 0.039825 0.060678
2 0.202425 0.224800 0.060050 0.079778
2 0.020700 0.228733 0.037925 0.067422
2 0.177456 0.038517 0.068263 0.077033
2 0.446091 0.178161 0.032869 0.076411
2 0.899797 0.807661 0.056256 0.377567
2 0.850809 0.832383 0.041719 0.332611
2 0.965850 0.929672 0.068263 0.140656
2 0.542166 0.696267 0.086031 0.175578
