9 0.776031 0.803556 0.112863 0.174756
4 0.702306 0.896606 0.063713 0.153722
2 0.654522 0.583494 0.199331 0.233011
2 0.913500 0.514728 0.173000 0.118122
2 0.958100 0.793850 0.083800 0.323633
0 0.402397 0.498544 0.095569 0.199022
1 0.323666 0.554367 0.061894 0.190933
5 0.532556 0.305989 0.119237 0.173133
5 0.470662 0.727506 0.075550 0.142389
5 0.362803 0.232361 0.081919 0.129456
5 0.566234 0.093206 0.101031 0.171522
5 0.837472 0.040128 0.071906 0.080256
5 0.851578 0.247739 0.060069 0.082522
2 0.957191 0.172494 0.085619 0.239478
0 0.453412 0.956417 0.123638 0.076856
