14 0.110575 0.170639 0.221150 0.161167
16 0.490841 0.285589 0.060681 0.103378
2 0.628634 0.215361 0.165606 0.149456
2 0.822875 0.450100 0.077112 0.196644
2 0.621872 0.499544 0.122619 0.158444
11 0.443628 0.470883 0.034131 0.076411
0 0.507781 0.455717 0.072688 0.259567
5 0.333263 0.233900 0.147275 0.085400
5 0.348750 0.310311 0.116300 0.067422
2 0.285225 0.573256 0.091650 0.220244
2 0.124994 0.783950 0.132738 0.147211
2 0.064709 0.459761 0.129419 0.143833
2 0.367966 0.047928 0.140319 0.095522
5 0.941744 0.218172 0.116513 0.128100
5 0.931212 0.441222 0.116937 0.180911
5 0.628131 0.663150 0.131475 0.157322
2 0.723878 0.117667 0.094056 0.144289
2 0.940822 0.133172 0.118356 0.070122
