4 0.807869 0.065050 0.069725 0.121322
2 0.767422 0.846106 0.127531 0.307789
2 0.386469 0.272500 0.147562 0.372556
2 0.265753 0.682839 0.221744 0.347433
2 0.179244 0.922500 0.127513 0.155000
2 0.956959 0.761200 0.086081 0.171556
2 0.976978 0.418922 0.046044 0.357933
2 0.965200 0.974839 0.069600 0.050322
2 0.965791 0.165867 0.068419 0.171556
2 0.624991 0.058828 0.182894 0.117656
2 0.391806 0.020094 0.149887 0.040189
2 0.848684 0.390694 0.087506 0.401878
2 0.750356 0.561333 0.107537 0.110889
2 0.629069 0.310106 0.189988 0.270011
