2 0.192422 0.401650 0.076319 0.153678
16 0.011969 0.728733 0.023937 0.066778
16 0.261581 0.272344 0.045312 0.126133
4 0.840019 0.534244 0.061525 0.151356
5 0.980706 0.582589 0.038588 0.512089
5 0.746922 0.028106 0.206456 0.056211
5 0.538612 0.126767 0.091487 0.246156
5 0.319791 0.617972 0.131044 0.169233
5 0.109209 0.414672 0.218419 0.742856
2 0.624503 0.699056 0.151956 0.154156
2 0.646394 0.834889 0.285025 0.105311
4 0.023244 0.374661 0.042725 0.129833
4 0.005006 0.292267 0.010013 0.088333
2 0.138325 0.124700 0.080125 0.125911
2 0.831722 0.143144 0.077981 0.147533
2 0.688631 0.189567 0.079412 0.141178
2 0.617447 0.398028 0.078694 0.160256
2 0.381119 0.626244 0.074525 0.152622
2 0.091369 0.687189 0.093600 0.153689
1 0.038744 0.883689 0.077488 0.226378
0 0.512653 0.490722 0.081594 0.226378
1 0.340194 0.247422 0.072937 0.206600
1 0.397062 0.903933 0.100137 0.192133
