6 0.113437 0.426117 0.100125 0.838211
6 0.575819 0.807172 0.831912 0.127833
5 0.617231 0.617044 0.137437 0.200644
5 0.339169 0.382417 0.056438 0.139167
5 0.398694 0.462511 0.093750 0.105178
2 0.379675 0.291800 0.113775 0.184467
2 0.698241 0.281283 0.097394 0.250811
2 0.933525 0.317689 0.098300 0.236244
2 0.827441 0.060411 0.137531 0.103556
2 0.578506 0.042611 0.140262 0.084133
2 0.279553 0.096822 0.121056 0.192556
2 0.578047 0.463322 0.132069 0.119733
2 0.791538 0.574161 0.098300 0.199033
5 0.818341 0.269956 0.137344 0.147244
0 0.219022 0.416400 0.091019 0.252422
2 0.222662 0.627567 0.114687 0.166667
