2 0.066581 0.671467 0.133162 0.230578
7 0.504769 0.367706 0.046088 0.032522
2 0.661566 0.478867 0.121994 0.162933
2 0.785034 0.183156 0.074619 0.202889
5 0.882150 0.212089 0.125463 0.251667
2 0.569441 0.089744 0.266531 0.179489
2 0.296594 0.055889 0.138000 0.095511
4 0.072731 0.129861 0.065312 0.144211
2 0.204944 0.318550 0.129575 0.251900
5 0.142566 0.289150 0.083031 0.140456
5 0.121534 0.402300 0.042431 0.084533
5 0.201275 0.187378 0.051937 0.106000
5 0.341987 0.603822 0.123887 0.184289
5 0.303147 0.708911 0.114494 0.273111
2 0.655694 0.861794 0.171187 0.238011
5 0.507694 0.903672 0.123638 0.192478
2 0.401909 0.835456 0.079744 0.306933
5 0.729112 0.666150 0.172062 0.206789
9 0.780028 0.805439 0.096569 0.170122
4 0.429453 0.504333 0.056694 0.158667
1 0.505719 0.466617 0.051213 0.179478
5 0.518453 0.322950 0.235981 0.199456
2 0.893253 0.392250 0.213494 0.099256
2 0.951166 0.917111 0.097444 0.073978
2 0.982366 0.669850 0.035269 0.127900
