13 0.500634 0.260733 0.239381 0.122978
11 0.481978 0.419311 0.038231 0.080911
11 0.461044 0.547950 0.043687 0.063100
11 0.481978 0.630472 0.052794 0.082522
11 0.496994 0.530150 0.024575 0.063100
11 0.520659 0.561706 0.037319 0.058256
2 0.711347 0.412028 0.163831 0.092233
2 0.721359 0.825456 0.169294 0.087378
2 0.857434 0.126433 0.144719 0.122978
2 0.980825 0.437111 0.038350 0.155333
5 0.879731 0.307661 0.083738 0.152100
5 0.716353 0.496983 0.164744 0.084144
5 0.533859 0.321411 0.076456 0.121356
5 0.077853 0.597300 0.096481 0.200644
2 0.170694 0.617533 0.083738 0.140778
3 0.325425 0.188722 0.058250 0.079289
5 0.722513 0.750483 0.159288 0.076856
5 0.929200 0.945022 0.094813 0.109956
5 0.534784 0.947722 0.087231 0.104556
2 0.436181 0.844200 0.049300 0.156422
2 0.347438 0.765994 0.081163 0.078211
2 0.357675 0.902550 0.115287 0.194900
11 0.223422 0.957472 0.050056 0.070122
4 0.702794 0.678344 0.059162 0.110578
2 0.532509 0.130206 0.141844 0.122700
14 0.107828 0.190833 0.215656 0.097089
5 0.194903 0.125217 0.128181 0.128100
2 0.862822 0.237722 0.192156 0.079778
2 0.530662 0.233228 0.195312 0.082033
2 0.366200 0.403450 0.110312 0.149522
2 0.371188 0.501339 0.110612 0.056189
0 0.022325 0.002017 0.044650 0.004033
