7 0.516444 0.324694 0.075850 0.061811
0 0.490841 0.473589 0.056256 0.186533
4 0.522131 0.482011 0.039188 0.088778
5 0.645922 0.715878 0.140894 0.328156
5 0.557450 0.927356 0.114687 0.145289
5 0.171347 0.446944 0.196606 0.163111
5 0.320981 0.120733 0.170387 0.069911
2 0.262003 0.312967 0.266506 0.190289
2 0.318688 0.773083 0.357163 0.453833
2 0.579844 0.451800 0.107037 0.180578
9 0.897113 0.505200 0.205775 0.989600
2 0.521359 0.058361 0.119844 0.116722
2 0.245869 0.045400 0.073212 0.056178
0 0.780613 0.810406 0.084650 0.145633
