5 0.691291 0.268933 0.111044 0.165044
14 0.111044 0.180261 0.214800 0.134300
2 0.620297 0.419739 0.193869 0.147256
2 0.268488 0.350067 0.119238 0.304200
6 0.500000 0.683844 1.000000 0.105867
6 0.958775 0.373644 0.082450 0.733978
5 0.627578 0.551939 0.191144 0.084144
5 0.703125 0.600567 0.125613 0.061333
2 0.315837 0.086728 0.039138 0.092233
2 0.461012 0.140294 0.045512 0.108411
2 0.574334 0.095633 0.046419 0.087378
2 0.679459 0.048783 0.045506 0.096922
5 0.201591 0.066311 0.141081 0.101133
0 0.495131 0.437811 0.071300 0.248111
2 0.025241 0.563217 0.038681 0.107878
2 0.051409 0.298244 0.048544 0.093044
