2 0.669091 0.869583 0.089494 0.260833
6 0.057656 0.500000 0.111262 1.000000
2 0.960369 0.516300 0.079262 0.270178
2 0.121681 0.307428 0.085862 0.162344
2 0.964084 0.937311 0.071831 0.125378
2 0.743869 0.953539 0.213150 0.092922
4 0.831747 0.787883 0.084994 0.158722
2 0.807156 0.210072 0.125938 0.252967
2 0.728647 0.537917 0.209356 0.263144
2 0.512750 0.076317 0.184825 0.139567
2 0.330381 0.372178 0.117763 0.164289
0 0.496816 0.462806 0.077506 0.249078
1 0.556509 0.300089 0.079844 0.244200
1 0.960097 0.069611 0.069544 0.139222
1 0.645881 0.052061 0.072975 0.104122
9 0.787106 0.810778 0.059237 0.134311
