14 0.110984 0.180944 0.221969 0.125822
2 0.163578 0.340133 0.085194 0.071844
5 0.132997 0.863428 0.087381 0.166989
3 0.390766 0.690617 0.076456 0.132033
3 0.791069 0.632361 0.077550 0.108744
5 0.891006 0.834206 0.078637 0.089522
2 0.721712 0.788672 0.089563 0.157278
5 0.853325 0.111978 0.121238 0.097089
2 0.727172 0.533333 0.048056 0.322333
2 0.682391 0.689644 0.150731 0.056311
5 0.554597 0.611006 0.157281 0.151456
2 0.449744 0.615861 0.043687 0.176700
5 0.510912 0.274106 0.072088 0.161167
5 0.588459 0.240128 0.078644 0.058256
2 0.588456 0.310033 0.080825 0.085444
0 0.492887 0.444011 0.077550 0.252422
2 0.354722 0.127411 0.039319 0.252622
2 0.306663 0.208967 0.032763 0.077867
2 0.289184 0.101289 0.076456 0.200000
2 0.098187 0.027383 0.196375 0.052567
2 0.634331 0.062461 0.107037 0.075722
2 0.591734 0.102267 0.052431 0.097089
2 0.234575 0.955989 0.058975 0.088022
5 0.161944 0.417700 0.086287 0.083689
2 0.144466 0.766339 0.237019 0.135922
5 0.910122 0.056639 0.064444 0.079611
5 0.844041 0.752750 0.155094 0.081544
2 0.242222 0.883822 0.113594 0.102911
2 0.323047 0.947250 0.131069 0.105500
1 0.083847 0.343044 0.061169 0.093200
5 0.067462 0.378967 0.115775 0.118444
2 0.141191 0.614883 0.154006 0.135922
