0 0.500150 0.454050 0.088287 0.276700
2 0.726334 0.493689 0.205706 0.307444
2 0.711319 0.272817 0.084650 0.118122
2 0.756825 0.678961 0.137437 0.072811
2 0.873969 0.891911 0.097212 0.216178
2 0.984169 0.649256 0.031663 0.114556
2 0.876591 0.212361 0.041506 0.157278
2 0.937856 0.243217 0.124287 0.071167
4 0.919431 0.154728 0.038975 0.079589
2 0.939616 0.041539 0.120769 0.083078
2 0.726919 0.045622 0.046525 0.082711
2 0.472972 0.286483 0.044769 0.078656
4 0.113834 0.485006 0.059919 0.091700
2 0.126028 0.181872 0.214956 0.088544
2 0.425388 0.684789 0.121238 0.248533
2 0.200344 0.674372 0.083362 0.184544
2 0.220716 0.359383 0.070069 0.142389
2 0.018659 0.344011 0.037319 0.105178
5 0.079450 0.620500 0.158025 0.194400
5 0.202706 0.506450 0.107450 0.143833
5 0.105050 0.355311 0.146012 0.129222
5 0.424947 0.858944 0.204794 0.093267
5 0.345288 0.693206 0.040425 0.244967
