14 0.112253 0.167828 0.224506 0.212678
0 0.495809 0.441278 0.072631 0.235467
2 0.762772 0.053167 0.114331 0.106333
2 0.410200 0.482811 0.087500 0.171556
2 0.418678 0.284344 0.087506 0.171556
2 0.271713 0.271789 0.087500 0.171556
2 0.260406 0.505422 0.087500 0.171556
2 0.239209 0.736556 0.087506 0.171556
2 0.230731 0.958539 0.087500 0.082922
2 0.401722 0.954772 0.087506 0.090456
2 0.407375 0.736556 0.087500 0.171556
2 0.568472 0.734044 0.087506 0.171556
2 0.574125 0.947233 0.087500 0.105533
2 0.572713 0.500400 0.087500 0.171556
2 0.567059 0.274300 0.087506 0.171556
2 0.722506 0.279322 0.087500 0.171556
2 0.730984 0.492867 0.087506 0.171556
2 0.739466 0.734044 0.087506 0.171556
2 0.750769 0.948489 0.087500 0.103022
2 0.920347 0.951000 0.087506 0.098000
2 0.903391 0.711433 0.087506 0.171556
2 0.887847 0.477789 0.087506 0.171556
2 0.914275 0.286856 0.171450 0.171556
