7 0.518428 0.373289 0.054994 0.048311
0 0.497381 0.449928 0.060050 0.229233
4 0.539412 0.514533 0.087225 0.126978
2 0.623797 0.409472 0.192781 0.330367
2 0.845972 0.470150 0.112506 0.409033
2 0.725563 0.817372 0.052462 0.249456
2 0.398913 0.482922 0.119275 0.368156
2 0.272037 0.625567 0.129975 0.112622
2 0.247463 0.868283 0.080825 0.108744
2 0.392728 0.868283 0.039319 0.244656
2 0.211419 0.942072 0.332037 0.104856
2 0.095097 0.813917 0.053519 0.147567
4 0.225778 0.738150 0.067631 0.146078
2 0.076541 0.612972 0.123256 0.171922
4 0.263006 0.464083 0.096713 0.159567
2 0.137047 0.281939 0.112881 0.060589
2 0.315016 0.174594 0.229369 0.160189
2 0.553491 0.107439 0.116506 0.161811
2 0.699119 0.160839 0.058250 0.110033
2 0.808344 0.109061 0.050975 0.084144
5 0.902094 0.097733 0.089200 0.184467
5 0.119450 0.391156 0.160800 0.178000
5 0.354200 0.041856 0.078125 0.083711
2 0.582509 0.791100 0.088744 0.296667
