2 0.608738 0.394822 0.199338 0.331711
4 0.537288 0.521844 0.063712 0.165044
0 0.496331 0.453072 0.063713 0.276700
2 0.371784 0.497572 0.119231 0.391589
2 0.309741 0.625406 0.249394 0.139167
4 0.244203 0.450650 0.085556 0.155344
2 0.294041 0.165289 0.227544 0.160689
2 0.119272 0.280411 0.111881 0.081022
2 0.535103 0.092478 0.135006 0.184733
2 0.685550 0.153156 0.065738 0.103378
2 0.786684 0.112139 0.045506 0.104500
5 0.880231 0.093994 0.089750 0.187989
2 0.833572 0.469767 0.104669 0.428800
2 0.978603 0.320089 0.042794 0.172600
2 0.062606 0.618906 0.125213 0.188789
2 0.074772 0.877128 0.059919 0.241367
2 0.216987 0.947250 0.329187 0.098433
2 0.369069 0.864994 0.059925 0.244078
4 0.210922 0.735517 0.103156 0.147033
