0 0.505425 0.448872 0.087587 0.296233
14 0.071759 0.173533 0.143131 0.117733
2 0.125850 0.360689 0.121687 0.123867
2 0.775781 0.332183 0.129538 0.188411
2 0.947719 0.279844 0.101275 0.196800
2 0.874116 0.065256 0.109519 0.106778
2 0.734291 0.646378 0.087506 0.171556
2 0.568722 0.646622 0.087506 0.171556
2 0.411706 0.640811 0.087500 0.171556
2 0.249781 0.637900 0.087500 0.171556
2 0.235878 0.892322 0.087506 0.171556
2 0.407616 0.890878 0.087506 0.171556
2 0.576900 0.889422 0.087500 0.171556
2 0.748637 0.889422 0.087500 0.171556
2 0.917103 0.896689 0.087506 0.171556
2 0.925397 0.644711 0.149206 0.171556
