7 0.319059 0.444733 0.082169 0.054311
0 0.496559 0.475656 0.078381 0.250578
1 0.305669 0.572317 0.075850 0.239300
4 0.850534 0.944389 0.077956 0.111222
9 0.780253 0.815856 0.119056 0.186400
2 0.236863 0.928050 0.180525 0.143900
2 0.498544 0.891156 0.232100 0.110578
2 0.593734 0.868228 0.047781 0.167211
2 0.594419 0.516289 0.113775 0.271044
2 0.804141 0.599222 0.084194 0.307444
2 0.959253 0.430661 0.078881 0.191478
5 0.774559 0.338300 0.205556 0.130800
5 0.941806 0.187944 0.097087 0.140244
5 0.671784 0.167717 0.084956 0.169900
5 0.171297 0.517311 0.141081 0.368933
5 0.062075 0.658094 0.044600 0.197411
5 0.118050 0.802106 0.078275 0.177989
5 0.040684 0.249511 0.076456 0.131067
5 0.527191 0.146761 0.073744 0.135922
2 0.415231 0.237378 0.079188 0.148867
5 0.612662 0.732872 0.079013 0.119856
5 0.641631 0.840556 0.037925 0.108622
