0 0.503519 0.455667 0.080100 0.281556
4 0.818931 0.907739 0.119837 0.156411
2 0.780247 0.612433 0.370144 0.242711
2 0.941050 0.870656 0.112263 0.252156
2 0.459859 0.075489 0.200244 0.097089
2 0.207937 0.119611 0.183375 0.181444
2 0.032069 0.469900 0.060675 0.155067
2 0.381356 0.645872 0.210100 0.293967
2 0.310056 0.939578 0.099363 0.120844
5 0.667691 0.840050 0.188106 0.204967
5 0.636437 0.287189 0.075850 0.227889
5 0.898875 0.059978 0.172938 0.113267
5 0.878400 0.406522 0.080400 0.142933
5 0.906081 0.322922 0.070538 0.072822
5 0.689153 0.166506 0.037169 0.175300
5 0.038241 0.268900 0.070794 0.170800
5 0.090231 0.731906 0.050088 0.195522
5 0.028056 0.901133 0.056113 0.194178
5 0.173084 0.719550 0.039319 0.073789
2 0.502153 0.209978 0.111669 0.095511
2 0.544291 0.301272 0.046356 0.253767
