1 0.494525 0.932322 0.071013 0.135356
1 0.291700 0.650917 0.068563 0.258278
1 0.350059 0.923400 0.066106 0.153200
0 0.505953 0.463006 0.087331 0.262633
2 0.070181 0.329739 0.140363 0.165256
2 0.187691 0.732194 0.087856 0.177344
2 0.332891 0.125794 0.076181 0.155989
2 0.497831 0.178994 0.113588 0.155989
2 0.720922 0.176578 0.116306 0.143889
2 0.634931 0.381367 0.079925 0.162978
2 0.646094 0.786828 0.095200 0.405567
9 0.785416 0.815456 0.056319 0.117533
4 0.460247 0.248983 0.062844 0.118989
2 0.907528 0.923450 0.093994 0.153100
