8 0.510947 0.327217 0.054781 0.030900
8 0.496463 0.351094 0.063738 0.037456
7 0.509894 0.289289 0.061100 0.033711
13 0.892931 0.166667 0.214137 0.142400
4 0.597566 0.497650 0.053094 0.106700
2 0.702581 0.253722 0.122875 0.380267
2 0.647056 0.380906 0.237562 0.093856
5 0.484134 0.151944 0.244844 0.150489
2 0.170116 0.331389 0.181131 0.289644
2 0.179219 0.068206 0.201150 0.136411
5 0.107266 0.634628 0.214531 0.147256
2 0.275969 0.669417 0.108313 0.194167
2 0.618659 0.966339 0.591631 0.066344
9 0.781900 0.814244 0.064787 0.110489
2 0.890609 0.520606 0.110744 0.257544
2 0.392834 0.351939 0.124519 0.122478
2 0.194331 0.967894 0.095337 0.064211
2 0.034466 0.966694 0.067419 0.063678
2 0.439016 0.036956 0.114569 0.073356
2 0.672975 0.017061 0.072425 0.030433
2 0.904644 0.054906 0.190713 0.070233
2 0.615516 0.864567 0.168769 0.073044
