5 0.770206 0.476217 0.192963 0.093856
5 0.843022 0.408256 0.040044 0.061489
1 0.465966 0.268222 0.050569 0.224733
2 0.366412 0.057622 0.068475 0.106756
2 0.565784 0.054344 0.062681 0.105822
2 0.768047 0.325433 0.109031 0.215378
2 0.983634 0.486561 0.032731 0.076411
2 0.926181 0.639383 0.054363 0.076411
2 0.664825 0.602856 0.125775 0.129222
2 0.460909 0.640389 0.150431 0.112378
2 0.358881 0.309333 0.074800 0.147956
2 0.571228 0.301650 0.070231 0.152167
2 0.163675 0.332650 0.100075 0.226611
5 0.695572 0.366178 0.047331 0.288022
2 0.210028 0.096672 0.040031 0.091767
2 0.121800 0.026439 0.041612 0.041211
2 0.258137 0.576678 0.116300 0.075289
6 0.492656 0.769528 0.985313 0.132811
