7 0.542869 0.316883 0.064625 0.071189
0 0.499181 0.461706 0.060988 0.283167
1 0.548784 0.472222 0.067356 0.236244
1 0.613866 0.413967 0.055519 0.255667
1 0.611253 0.098833 0.061306 0.192156
4 0.781191 0.060967 0.052306 0.109244
4 0.639816 0.054217 0.051206 0.108433
4 0.602687 0.050889 0.039875 0.086489
16 0.348028 0.186211 0.080844 0.125511
2 0.768175 0.765589 0.184312 0.095733
2 0.522422 0.922006 0.096331 0.125411
2 0.339244 0.544444 0.054612 0.206311
2 0.271997 0.214017 0.097881 0.170900
2 0.102744 0.454033 0.148538 0.165178
2 0.277578 0.715517 0.316669 0.100011
2 0.163653 0.834089 0.131219 0.253511
2 0.356313 0.799706 0.078125 0.057989
2 0.827338 0.369822 0.153975 0.188778
5 0.695737 0.446683 0.109225 0.250811
5 0.891806 0.201944 0.158525 0.163156
2 0.837575 0.053439 0.050063 0.106878
2 0.543659 0.044672 0.079644 0.089344
5 0.414622 0.535817 0.110131 0.207122
9 0.777753 0.808500 0.116869 0.211644
4 0.938103 0.653378 0.059419 0.168556
2 0.973791 0.595506 0.052419 0.248344
5 0.494781 0.200517 0.122175 0.202900
2 0.575984 0.253839 0.032919 0.094944
14 0.109956 0.188233 0.219913 0.145400
