9 0.782691 0.809844 0.061106 0.109556
10 0.851428 0.920344 0.075319 0.115178
2 0.560166 0.142383 0.074181 0.102233
2 0.050944 0.262089 0.037750 0.056178
14 0.109675 0.182111 0.219350 0.123489
2 0.604731 0.461683 0.086287 0.188344
2 0.325119 0.436439 0.095025 0.149522
2 0.487316 0.911172 0.087381 0.101011
2 0.836834 0.784011 0.122331 0.102911
2 0.486225 0.089839 0.072088 0.151456
2 0.100669 0.331583 0.155100 0.091256
2 0.084831 0.599550 0.149637 0.095144
2 0.018203 0.685856 0.036044 0.167178
5 0.415228 0.490711 0.085194 0.207956
5 0.598069 0.060678 0.144113 0.071911
5 0.830359 0.442733 0.089119 0.332622
5 0.648694 0.884144 0.088287 0.142400
5 0.573150 0.916506 0.073725 0.090611
5 0.529550 0.435600 0.078275 0.226533
5 0.328397 0.552106 0.087381 0.093856
2 0.104162 0.753333 0.117962 0.180578
4 0.694272 0.494761 0.049931 0.096633
2 0.797162 0.174056 0.109225 0.101133
6 0.871875 0.175011 0.059925 0.350022
6 0.923072 0.625106 0.077369 0.520500
6 0.933312 0.956839 0.055375 0.086322
3 0.202391 0.032267 0.065306 0.062156
2 0.444387 0.027628 0.135012 0.055256
2 0.569919 0.841394 0.070537 0.056633
0 0.720728 0.501617 0.053156 0.205633
7 0.701131 0.362272 0.074650 0.050567
2 0.134441 0.267661 0.112506 0.086522
2 0.504206 0.825011 0.042662 0.074911
2 0.438850 0.973539 0.154738 0.052589
