11 0.525544 0.259672 0.034287 0.070900
4 0.464969 0.314578 0.061450 0.144356
16 0.630206 0.267189 0.047162 0.033844
4 0.645375 0.305861 0.059987 0.128100
2 0.686891 0.294156 0.107906 0.180133
2 0.683638 0.642033 0.151875 0.210689
5 0.897122 0.081917 0.112719 0.159189
2 0.837453 0.811783 0.049381 0.072833
5 0.300878 0.440800 0.044994 0.152822
2 0.020909 0.212589 0.041819 0.099711
2 0.027241 0.083856 0.054481 0.156711
5 0.167512 0.156361 0.040237 0.187278
2 0.904128 0.206833 0.191731 0.134844
2 0.989906 0.474094 0.020187 0.124211
2 0.962291 0.700717 0.075419 0.072833
5 0.362313 0.473572 0.074375 0.285033
5 0.749894 0.474544 0.158813 0.179911
5 0.640356 0.187156 0.058387 0.069933
5 0.563987 0.177367 0.093275 0.233444
4 0.794356 0.932617 0.057413 0.134767
2 0.804122 0.053567 0.065844 0.107133
2 0.243375 0.140300 0.106075 0.237356
2 0.434644 0.248411 0.152413 0.164733
2 0.105913 0.473967 0.137538 0.222400
2 0.164322 0.844928 0.052231 0.233322
5 0.249256 0.832833 0.122025 0.230978
5 0.539366 0.698456 0.124831 0.200400
5 0.947666 0.866072 0.104669 0.249078
10 0.855447 0.914728 0.062919 0.117700
