2 0.258088 0.165461 0.040350 0.330922
1 0.317691 0.340828 0.096431 0.235167
1 0.019766 0.594233 0.039531 0.283511
2 0.330631 0.269872 0.109887 0.097678
0 0.500041 0.450278 0.050681 0.250556
7 0.520650 0.350078 0.055800 0.053422
4 0.523513 0.475356 0.052938 0.123378
2 0.694300 0.817489 0.123625 0.360200
4 0.884459 0.922800 0.114181 0.152622
2 0.947322 0.656289 0.080356 0.115378
5 0.612666 0.323250 0.328844 0.081322
2 0.632444 0.133139 0.049450 0.254944
2 0.613900 0.243022 0.296700 0.065933
2 0.269478 0.716433 0.289281 0.074733
2 0.395575 0.787861 0.046975 0.213189
11 0.132253 0.497756 0.032144 0.068133
2 0.928591 0.180589 0.052369 0.190778
2 0.984684 0.086722 0.030631 0.170933
2 0.963359 0.130983 0.039494 0.082411
