2 0.482950 0.272944 0.078638 0.151467
5 0.522269 0.634111 0.083012 0.229133
5 0.403759 0.691389 0.081919 0.215533
2 0.314197 0.634106 0.088469 0.151456
0 0.012141 0.365178 0.008844 0.001933
2 0.035144 0.443817 0.052413 0.151456
2 0.094059 0.519544 0.148656 0.062133
2 0.246481 0.108867 0.042600 0.165044
5 0.340956 0.121483 0.144175 0.151456
2 0.498734 0.095272 0.033969 0.176700
2 0.452913 0.178772 0.145262 0.048544
2 0.562134 0.297217 0.070994 0.091256
5 0.601456 0.223433 0.156187 0.087378
5 0.637991 0.309839 0.080931 0.104856
3 0.561591 0.144789 0.065531 0.112622
5 0.320206 0.755467 0.089563 0.083489
5 0.845572 0.674883 0.096119 0.388344
6 0.878884 0.156861 0.079731 0.313722
6 0.897997 0.471972 0.078644 0.300967
6 0.932947 0.821911 0.076456 0.356178
2 0.851031 0.981133 0.107037 0.037733
2 0.087016 0.936472 0.136531 0.127056
2 0.079312 0.816633 0.145375 0.066022
2 0.009922 0.912750 0.019844 0.153389
2 0.124097 0.412750 0.114794 0.159233
2 0.053647 0.246733 0.107144 0.122333
2 0.017653 0.133139 0.034944 0.066011
9 0.782759 0.805950 0.062269 0.099033
14 0.134153 0.187933 0.228056 0.107178
10 0.853762 0.915661 0.066625 0.116500
2 0.613416 0.666144 0.099506 0.200000
0 0.615653 0.484594 0.097206 0.163100
