5 0.959744 0.240878 0.080512 0.239622
2 0.304019 0.891389 0.092287 0.211133
2 0.784431 0.455400 0.162400 0.164089
2 0.915353 0.511856 0.168131 0.172978
2 0.513312 0.084161 0.074025 0.161633
2 0.310956 0.739439 0.143200 0.168500
5 0.434228 0.752750 0.086569 0.155167
5 0.190338 0.631539 0.082988 0.278544
0 0.497525 0.442550 0.088600 0.269233
16 0.571188 0.318011 0.079325 0.115378
1 0.613941 0.168744 0.072119 0.201467
1 0.612912 0.201711 0.053575 0.197800
2 0.313203 0.567033 0.084131 0.167889
5 0.175156 0.218283 0.078125 0.097678
5 0.035853 0.087789 0.071706 0.145000
2 0.030700 0.286817 0.061400 0.155678
2 0.118062 0.080067 0.085850 0.160133
5 0.888837 0.810472 0.167412 0.154144
5 0.618844 0.959317 0.126100 0.081367
11 0.562928 0.404989 0.036369 0.056178
5 0.666913 0.402500 0.078125 0.158733
5 0.602953 0.055494 0.046356 0.110989
2 0.377591 0.341917 0.044644 0.155678
2 0.188291 0.342522 0.122769 0.161778
5 0.250791 0.570494 0.040781 0.164078
