2 0.269353 0.394894 0.107556 0.375833
5 0.872528 0.406983 0.253431 0.197811
5 0.713047 0.519072 0.082831 0.193411
2 0.572519 0.417489 0.037912 0.097933
2 0.790325 0.154994 0.037912 0.097944
2 0.531947 0.247300 0.037919 0.097933
2 0.494859 0.249500 0.037919 0.097933
2 0.345272 0.249500 0.037919 0.097933
2 0.601178 0.064889 0.037919 0.097933
2 0.388541 0.060489 0.037919 0.097933
2 0.902825 0.260489 0.037912 0.097933
2 0.143759 0.427722 0.037919 0.097933
2 0.137578 0.590356 0.037919 0.097933
2 0.115500 0.762939 0.062000 0.113211
11 0.423438 0.567033 0.044638 0.079356
4 0.658034 0.925394 0.084481 0.149211
9 0.784750 0.812328 0.074175 0.124544
2 0.878862 0.733361 0.242275 0.408789
11 0.532300 0.494994 0.032625 0.061056
0 0.495381 0.453789 0.077262 0.262511
14 0.110494 0.169622 0.212637 0.140667
