0 0.503009 0.448656 0.063794 0.233178
14 0.107175 0.178083 0.207075 0.115389
6 0.825319 0.496256 0.299675 0.992511
11 0.461275 0.517017 0.033987 0.140967
2 0.353381 0.384961 0.086975 0.165278
2 0.213813 0.279033 0.086975 0.165267
2 0.062819 0.373350 0.086975 0.165278
2 0.146069 0.567783 0.086975 0.165278
2 0.235850 0.577939 0.086975 0.165278
2 0.245644 0.731750 0.086975 0.165278
2 0.133013 0.720139 0.086975 0.165278
2 0.331662 0.922417 0.086975 0.155167
2 0.414913 0.647428 0.086975 0.165278
2 0.023928 0.920967 0.047856 0.158067
2 0.166788 0.988439 0.086975 0.023122
2 0.612431 0.539917 0.086975 0.165278
2 0.544494 0.183133 0.109512 0.165267
2 0.591050 0.040117 0.086975 0.080233
