5 0.750781 0.385761 0.202262 0.138211
16 0.755269 0.205633 0.077112 0.141578
5 0.533031 0.362161 0.156125 0.405656
5 0.304597 0.088089 0.194044 0.119111
5 0.110194 0.430933 0.075850 0.155067
5 0.058322 0.731906 0.116644 0.129456
5 0.412681 0.918733 0.096713 0.155067
2 0.931022 0.328639 0.137956 0.231389
2 0.772891 0.533817 0.068269 0.064722
1 0.773903 0.115172 0.058806 0.151700
0 0.505281 0.441611 0.071425 0.218000
5 0.322231 0.356772 0.097338 0.213500
5 0.314644 0.728150 0.123887 0.252833
2 0.606669 0.752311 0.201000 0.249467
2 0.885097 0.698372 0.229444 0.157322
14 0.131794 0.183433 0.237013 0.143689
2 0.927853 0.911550 0.144294 0.176900
