4 0.508894 0.623028 0.061100 0.153567
0 0.505263 0.475167 0.086913 0.214444
11 0.689353 0.393228 0.035819 0.071167
14 0.108531 0.177800 0.216263 0.122333
5 0.430581 0.138594 0.127425 0.275078
5 0.286847 0.506717 0.088744 0.204967
5 0.209100 0.323328 0.109225 0.172589
5 0.146978 0.872167 0.079731 0.201933
1 0.874606 0.704967 0.064262 0.265000
2 0.263847 0.722656 0.132156 0.143689
2 0.725316 0.262433 0.200969 0.135978
2 0.779128 0.539644 0.101944 0.278311
2 0.679006 0.877428 0.218450 0.245144
1 0.331309 0.952672 0.052794 0.094656
2 0.954028 0.881728 0.091944 0.236544
2 0.464338 0.338839 0.203275 0.187433
5 0.613531 0.049861 0.179762 0.074167
8 0.508684 0.331900 0.060044 0.066489
2 0.629006 0.150322 0.068263 0.071467
5 0.814606 0.142906 0.065988 0.103833
2 0.974272 0.094717 0.047031 0.189433
5 0.935816 0.478267 0.125156 0.345200
