2 0.064972 0.588489 0.101056 0.238356
2 0.586825 0.334650 0.086975 0.165278
2 0.505731 0.593739 0.086975 0.165278
0 0.499587 0.439072 0.090663 0.216122
2 0.731391 0.213461 0.086969 0.165278
2 0.888881 0.326289 0.086975 0.165267
2 0.975588 0.604183 0.048825 0.165278
2 0.934719 0.909250 0.086975 0.165278
9 0.786356 0.815444 0.057950 0.119556
2 0.470469 0.116294 0.086975 0.225856
2 0.736094 0.054022 0.086975 0.108044
2 0.767825 0.974944 0.086975 0.050111
2 0.585650 0.915517 0.086975 0.165278
2 0.294172 0.779700 0.086969 0.165267
2 0.315328 0.382706 0.086969 0.165278
2 0.160188 0.259428 0.086975 0.165278
