7 0.558466 0.309167 0.074331 0.043156
8 0.495891 0.345572 0.062956 0.056633
0 0.498925 0.477050 0.061437 0.227878
4 0.564531 0.459522 0.068263 0.160467
2 0.676031 0.483117 0.122875 0.418011
2 0.621041 0.628750 0.254094 0.110567
2 0.900166 0.400189 0.194931 0.316889
2 0.801941 0.106717 0.104669 0.213433
2 0.514472 0.164217 0.345869 0.149678
1 0.389838 0.324111 0.079188 0.224911
2 0.143172 0.219744 0.213894 0.297733
2 0.117231 0.574922 0.207525 0.360844
2 0.358434 0.596761 0.123781 0.145633
4 0.537744 0.750483 0.121962 0.119744
2 0.540472 0.852428 0.081919 0.110033
2 0.402122 0.861328 0.076456 0.237856
2 0.540472 0.946278 0.338594 0.087378
2 0.684741 0.862139 0.057344 0.249189
2 0.870419 0.792561 0.101038 0.320389
5 0.083328 0.904694 0.166656 0.177989
2 0.224456 0.905422 0.133800 0.189156
