4 0.247834 0.450261 0.075219 0.124722
4 0.284181 0.183944 0.083438 0.122489
4 0.021928 0.199111 0.042981 0.162933
2 0.109409 0.327217 0.114406 0.155078
2 0.417550 0.221028 0.111250 0.367456
2 0.300931 0.342383 0.115675 0.115744
2 0.638484 0.143328 0.197969 0.286656
2 0.842144 0.201022 0.118325 0.400489
2 0.740881 0.511300 0.099363 0.231933
2 0.584634 0.497144 0.097844 0.289911
2 0.128397 0.561189 0.053094 0.226533
2 0.266444 0.627261 0.241200 0.086300
2 0.411697 0.567261 0.041719 0.238678
2 0.760984 0.879422 0.179006 0.231933
5 0.924484 0.909761 0.151031 0.173944
1 0.673272 0.599189 0.066444 0.244333
0 0.499878 0.481067 0.058256 0.263756
2 0.016566 0.608900 0.032769 0.208733
2 0.166200 0.032844 0.112862 0.061489
2 0.305916 0.931472 0.596181 0.137056
5 0.149031 0.139650 0.152225 0.157322
5 0.262544 0.089550 0.075850 0.064611
