4 0.782069 0.558789 0.064625 0.103556
4 0.516294 0.679339 0.048237 0.082522
0 0.506281 0.447950 0.075550 0.189322
5 0.392506 0.514294 0.126513 0.137544
5 0.548362 0.148678 0.187350 0.140244
1 0.626109 0.039956 0.057644 0.079911
2 0.963616 0.125078 0.072769 0.114622
5 0.985991 0.218794 0.028019 0.070122
5 0.907509 0.727828 0.168381 0.120011
5 0.879825 0.637489 0.032612 0.049889
2 0.289838 0.257983 0.335862 0.364078
2 0.708800 0.356522 0.359525 0.254044
2 0.603653 0.862289 0.389931 0.271844
2 0.451831 0.657428 0.088475 0.126211
2 0.493172 0.571850 0.081119 0.059922
2 0.186256 0.619283 0.138050 0.137544
5 0.062850 0.932822 0.083437 0.134356
