5 0.653556 0.382261 0.048063 0.314567
5 0.734513 0.494467 0.188862 0.087600
5 0.810741 0.429722 0.039444 0.079556
2 0.731856 0.333306 0.112262 0.223833
0 0.502847 0.461950 0.077331 0.249322
5 0.398269 0.281522 0.156250 0.180689
5 0.494219 0.159494 0.108462 0.141589
5 0.408131 0.057683 0.148663 0.107878
5 0.311044 0.158817 0.109225 0.153722
6 0.499431 0.911478 0.998862 0.173356
2 0.389281 0.719950 0.162437 0.195522
2 0.066731 0.328589 0.113013 0.230578
5 0.079628 0.489722 0.155494 0.097089
2 0.516584 0.300156 0.066894 0.135778
2 0.284559 0.311861 0.064256 0.166678
2 0.516972 0.046689 0.064519 0.093378
2 0.296403 0.040444 0.065844 0.080889
2 0.134781 0.091900 0.041263 0.081156
2 0.036000 0.016161 0.043063 0.028167
2 0.968850 0.504761 0.044875 0.097767
2 0.899319 0.676122 0.043612 0.089889
2 0.932119 0.187489 0.135763 0.374978
2 0.617731 0.606344 0.119050 0.099022
5 0.670812 0.041294 0.111413 0.077678
