5 0.370572 0.463672 0.183556 0.152367
0 0.503688 0.445467 0.070538 0.223844
4 0.164944 0.073572 0.049300 0.072811
5 0.859453 0.723261 0.124519 0.330100
2 0.511578 0.712578 0.326581 0.300978
2 0.734941 0.735878 0.113594 0.184467
2 0.631178 0.292194 0.318931 0.264078
2 0.788456 0.465006 0.089562 0.182522
2 0.254356 0.249467 0.283975 0.271844
5 0.506116 0.110639 0.145269 0.083500
2 0.708728 0.062600 0.139806 0.125200
2 0.253591 0.932500 0.119056 0.135000
2 0.470363 0.334017 0.235138 0.161811
2 0.966928 0.800344 0.061169 0.339800
