2 0.550625 0.801161 0.122250 0.165278
11 0.474641 0.600750 0.038631 0.067411
14 0.892719 0.164161 0.208100 0.172167
16 0.212078 0.859450 0.055806 0.164078
1 0.336922 0.849911 0.065106 0.211133
1 0.582672 0.897739 0.068681 0.198411
4 0.966141 0.809978 0.062956 0.087756
11 0.717531 0.545933 0.026475 0.044511
2 0.639944 0.449567 0.086975 0.165267
2 0.755125 0.182117 0.086975 0.165278
2 0.932216 0.922706 0.135569 0.154589
2 0.215653 0.475183 0.086969 0.211189
2 0.323197 0.178506 0.116356 0.165278
2 0.541813 0.194194 0.128125 0.146500
2 0.107525 0.245372 0.086975 0.165278
2 0.114575 0.742661 0.086975 0.165278
2 0.297347 0.815794 0.135181 0.165278
