11 0.080447 0.275800 0.032194 0.048333
2 0.497953 0.327200 0.161844 0.162978
2 0.654938 0.385122 0.233125 0.162978
2 0.803781 0.433878 0.182188 0.162978
4 0.518375 0.400833 0.043250 0.113667
2 0.754253 0.124844 0.082269 0.162978
2 0.982184 0.074278 0.035631 0.148556
2 0.037600 0.432667 0.075200 0.162978
2 0.238062 0.952922 0.082275 0.094156
2 0.624431 0.819789 0.082275 0.222200
2 0.912575 0.699978 0.082275 0.227822
2 0.957072 0.789778 0.085856 0.162978
1 0.116934 0.532083 0.065106 0.240389
14 0.111003 0.183689 0.222006 0.112089
