2 0.584581 0.563828 0.043788 0.070211
2 0.432047 0.245000 0.042031 0.400000
2 0.409188 0.390294 0.304775 0.102256
2 0.469300 0.884006 0.121563 0.231989
2 0.548050 0.794217 0.042925 0.063589
2 0.735494 0.803750 0.082987 0.138633
4 0.329497 0.580461 0.094781 0.190478
5 0.825494 0.182572 0.079412 0.193322
2 0.750375 0.244889 0.075125 0.109378
2 0.735553 0.343033 0.043519 0.097511
2 0.102091 0.387728 0.153519 0.098922
2 0.062294 0.214350 0.046200 0.259678
2 0.096312 0.859333 0.192625 0.081400
2 0.169016 0.904867 0.054369 0.190267
5 0.597416 0.835361 0.052469 0.158989
5 0.553597 0.909556 0.048294 0.173822
5 0.814191 0.335728 0.116256 0.089033
5 0.851153 0.270011 0.039944 0.055111
2 0.828831 0.568561 0.051512 0.088522
5 0.747119 0.144839 0.078700 0.113411
5 0.580481 0.234400 0.047100 0.082667
5 0.395091 0.108444 0.028619 0.129778
5 0.084325 0.085561 0.091862 0.171122
2 0.894925 0.402483 0.038750 0.085678
5 0.106512 0.292161 0.069062 0.095389
5 0.330481 0.451589 0.154012 0.082133
