5 0.406675 0.591428 0.083737 0.213589
5 0.320206 0.654528 0.103763 0.100322
5 0.521359 0.537217 0.094656 0.221678
5 0.598272 0.150483 0.144719 0.076056
2 0.545434 0.216828 0.126606 0.088989
2 0.453097 0.099517 0.140169 0.058256
2 0.486772 0.187700 0.069169 0.156956
3 0.196066 0.110844 0.072819 0.113267
3 0.562775 0.067156 0.068262 0.097089
2 0.048966 0.356800 0.061894 0.139156
2 0.100394 0.435272 0.152000 0.082522
4 0.708722 0.574944 0.057644 0.152378
5 0.844494 0.574272 0.110738 0.393744
2 0.805431 0.269522 0.114538 0.118667
2 0.571922 0.955172 0.089131 0.062567
2 0.493716 0.952850 0.070794 0.094300
5 0.658056 0.957906 0.083438 0.084189
2 0.080756 0.712922 0.161513 0.088022
2 0.015081 0.811667 0.027387 0.165844
2 0.099359 0.868839 0.120094 0.201322
2 0.328934 0.540606 0.080906 0.132589
2 0.059981 0.212489 0.113137 0.218000
2 0.137097 0.339967 0.115669 0.124844
2 0.035566 0.060517 0.071131 0.064722
2 0.251653 0.057228 0.040956 0.114456
5 0.344950 0.053778 0.144113 0.097089
2 0.614213 0.559439 0.080400 0.159122
10 0.856147 0.911089 0.066369 0.132600
9 0.781563 0.801528 0.071425 0.117989
0 0.705672 0.424756 0.081919 0.244333
