2 0.203144 0.599083 0.083275 0.161789
2 0.397597 0.896856 0.082419 0.079356
2 0.448859 0.662017 0.175056 0.163256
14 0.109134 0.191378 0.216594 0.150333
2 0.466778 0.807567 0.268281 0.103022
2 0.045266 0.947983 0.090531 0.104033
5 0.358800 0.117306 0.117600 0.234611
5 0.847387 0.071789 0.081562 0.134822
5 0.861894 0.540172 0.152062 0.505500
7 0.678903 0.358089 0.061531 0.050867
0 0.619166 0.438217 0.067969 0.226389
2 0.671378 0.119383 0.076406 0.155678
2 0.523713 0.157539 0.076413 0.152633
2 0.245984 0.265139 0.036056 0.141944
2 0.448678 0.370906 0.079844 0.151100
