1 0.735203 0.359528 0.082806 0.188789
8 0.518403 0.356722 0.066369 0.039333
7 0.513347 0.388750 0.066369 0.042700
0 0.521247 0.495494 0.070794 0.161811
2 0.884678 0.767472 0.145631 0.171256
2 0.492534 0.778933 0.276094 0.202267
16 0.440200 0.406772 0.034888 0.064722
16 0.404931 0.603639 0.031100 0.080900
2 0.094059 0.762556 0.141556 0.177089
2 0.021222 0.864722 0.042444 0.270556
2 0.083025 0.928078 0.150938 0.138889
2 0.491475 0.921333 0.250300 0.117311
2 0.923816 0.926050 0.150181 0.121367
2 0.977291 0.874706 0.044756 0.250589
5 0.496938 0.309411 0.993875 0.136200
