4 0.302912 0.780906 0.105588 0.155344
4 0.590991 0.842394 0.111956 0.145633
2 0.694297 0.596439 0.196606 0.126211
2 0.700669 0.770389 0.196600 0.237867
2 0.935953 0.780906 0.126519 0.423944
2 0.877891 0.390033 0.054356 0.105622
2 0.765381 0.441156 0.054363 0.106756
2 0.860194 0.130456 0.046775 0.112378
2 0.604203 0.331594 0.126419 0.332611
2 0.335569 0.467006 0.259150 0.169678
0 0.503700 0.456889 0.058150 0.268556
2 0.443969 0.810194 0.129575 0.379611
2 0.312181 0.958522 0.135263 0.082956
2 0.098538 0.936144 0.125150 0.121356
4 0.015738 0.783322 0.030338 0.186533
2 0.164275 0.576006 0.122625 0.070789
5 0.206622 0.684439 0.271794 0.150567
14 0.112956 0.175567 0.225912 0.131067
5 0.420691 0.274272 0.120144 0.186078
5 0.480766 0.030744 0.156556 0.055022
5 0.236831 0.079289 0.038225 0.158578
5 0.940869 0.053400 0.079188 0.106800
5 0.961347 0.350322 0.072819 0.247578
