2 0.908053 0.316722 0.122119 0.235978
6 0.126422 0.512417 0.204469 0.975167
6 0.507044 0.096300 0.978287 0.192600
0 0.507116 0.429317 0.084194 0.268344
5 0.706600 0.479206 0.070537 0.241367
16 0.648194 0.470444 0.038687 0.080911
5 0.379081 0.897372 0.082675 0.205256
5 0.285028 0.685522 0.123631 0.315533
5 0.297466 0.330878 0.126669 0.223844
5 0.711984 0.351106 0.200244 0.153722
2 0.565747 0.731367 0.216931 0.234622
2 0.843738 0.659222 0.213137 0.093044
2 0.928309 0.626183 0.048544 0.145633
2 0.899481 0.842611 0.135012 0.095733
2 0.951441 0.898717 0.046269 0.202567
