14 0.110878 0.188889 0.221756 0.132689
0 0.505734 0.438083 0.101944 0.268611
11 0.688228 0.495522 0.070081 0.082533
4 0.958087 0.705878 0.061925 0.160200
2 0.843162 0.424139 0.158650 0.224744
2 0.837475 0.096022 0.119462 0.170800
4 0.625413 0.101072 0.059413 0.131478
4 0.800175 0.103756 0.049162 0.126422
9 0.782928 0.807550 0.066369 0.104500
10 0.852391 0.908339 0.078381 0.120233
2 0.348309 0.594267 0.046144 0.204511
2 0.117284 0.500444 0.146644 0.178667
2 0.292687 0.264467 0.129575 0.194400
5 0.528450 0.198728 0.154862 0.137100
5 0.701009 0.468417 0.113144 0.175300
5 0.904084 0.195361 0.086956 0.231478
5 0.435809 0.591422 0.119569 0.195711
2 0.176000 0.833767 0.143537 0.110800
2 0.132587 0.926083 0.050037 0.145922
2 0.283366 0.796156 0.327894 0.181044
11 0.681844 0.065256 0.027800 0.053978
2 0.110141 0.051294 0.213644 0.102256
