5 0.546809 0.342500 0.064469 0.085400
16 0.672150 0.447789 0.060050 0.055067
16 0.776128 0.418572 0.064469 0.016856
1 0.798566 0.404522 0.054994 0.186533
0 0.503069 0.478689 0.065737 0.206756
14 0.111544 0.187378 0.223087 0.140778
5 0.273603 0.283656 0.090106 0.281556
5 0.503700 0.664883 0.151700 0.171922
5 0.583344 0.550272 0.078375 0.324744
5 0.760956 0.582294 0.201000 0.148322
2 0.946156 0.523861 0.106187 0.229233
2 0.767278 0.250806 0.069531 0.139344
5 0.869675 0.157539 0.079638 0.132589
5 0.989197 0.180011 0.021606 0.186533
2 0.637956 0.945983 0.166112 0.108033
2 0.895397 0.916911 0.209206 0.095733
2 0.980347 0.874433 0.039306 0.196867
5 0.312472 0.906472 0.126519 0.184456
5 0.317931 0.564239 0.131975 0.218456
5 0.098119 0.624111 0.085562 0.208733
5 0.061347 0.938833 0.122694 0.113267
5 0.373241 0.249906 0.099231 0.132589
5 0.390622 0.124056 0.078381 0.083156
5 0.521778 0.129111 0.036031 0.075289
