4 0.537378 0.728156 0.105581 0.174756
1 0.521981 0.307144 0.066750 0.190133
11 0.561744 0.350889 0.029413 0.061644
0 0.506437 0.449994 0.066275 0.238011
2 0.891366 0.395600 0.200244 0.337111
2 0.511000 0.154633 0.350275 0.163867
2 0.399125 0.296689 0.125363 0.095511
2 0.135759 0.219906 0.233869 0.254700
2 0.111937 0.564878 0.183300 0.342733
2 0.361294 0.596900 0.129575 0.132600
2 0.224450 0.905200 0.121362 0.189600
2 0.395662 0.871522 0.068262 0.247578
2 0.546297 0.939478 0.344056 0.079289
2 0.689197 0.863428 0.070994 0.224922
2 0.677550 0.483817 0.137437 0.414233
2 0.550575 0.617311 0.143813 0.085756
2 0.803306 0.091678 0.130463 0.183356
