2 0.697531 0.385944 0.234188 0.162978
2 0.546794 0.331522 0.161162 0.162978
11 0.163531 0.526617 0.076237 0.054944
5 0.180900 0.625883 0.071825 0.129678
1 0.093397 0.282156 0.059381 0.167889
2 0.979819 0.800478 0.040362 0.162978
2 0.953669 0.693683 0.082275 0.225744
2 0.284775 0.032739 0.082275 0.065478
2 0.174666 0.226844 0.116419 0.162978
2 0.073981 0.442478 0.082275 0.162978
2 0.046894 0.819289 0.082275 0.342978
2 0.285953 0.948467 0.082269 0.103067
2 0.672216 0.781633 0.082269 0.162978
2 0.851206 0.436200 0.162337 0.162978
