14 0.108456 0.181339 0.216913 0.120011
2 0.506281 0.368094 0.530188 0.167211
2 0.504384 0.243367 0.157769 0.071467
2 0.474803 0.069433 0.297331 0.138867
2 0.751653 0.042461 0.086469 0.084922
2 0.916634 0.317122 0.166731 0.248111
5 0.829644 0.646278 0.168388 0.131067
2 0.719903 0.570683 0.048456 0.091767
2 0.876344 0.518711 0.044250 0.094578
0 0.974050 0.696633 0.041612 0.109556
5 0.524363 0.705989 0.131975 0.142400
5 0.596269 0.875083 0.093750 0.234633
2 0.438803 0.838672 0.121056 0.171522
2 0.437441 0.582206 0.125606 0.153722
2 0.263591 0.589483 0.081919 0.155344
2 0.103397 0.572494 0.087381 0.134300
2 0.124334 0.364567 0.085556 0.148867
2 0.084284 0.836244 0.091019 0.173133
2 0.250850 0.833822 0.087375 0.168289
2 0.194159 0.089778 0.100881 0.167200
5 0.141625 0.691911 0.235738 0.103556
5 0.029672 0.637700 0.055519 0.121356
2 0.940697 0.914306 0.118606 0.157278
0 0.505994 0.449839 0.083013 0.242722
5 0.189916 0.794517 0.035556 0.096767
5 0.404184 0.682850 0.042794 0.085833
5 0.187091 0.947228 0.206056 0.105544
