2 0.261906 0.386433 0.038062 0.121356
2 0.218787 0.235667 0.141175 0.171556
2 0.228691 0.651467 0.087506 0.234400
2 0.321959 0.922894 0.141206 0.154211
2 0.748019 0.755711 0.049338 0.171556
2 0.610947 0.909078 0.300894 0.166778
2 0.885806 0.763239 0.087500 0.236856
2 0.856128 0.357494 0.087506 0.400122
2 0.755806 0.297622 0.122850 0.560933
2 0.536766 0.563506 0.192094 0.390100
2 0.398269 0.459239 0.087500 0.608633
1 0.229506 0.090461 0.059025 0.175944
4 0.877150 0.303144 0.058662 0.125911
1 0.950838 0.399806 0.061525 0.192056
2 0.285984 0.060467 0.231156 0.120933
2 0.550947 0.060289 0.146356 0.108756
