0 0.503450 0.463961 0.056625 0.213811
7 0.499059 0.298289 0.073956 0.053933
1 0.501912 0.424167 0.064962 0.188844
1 0.485162 0.775144 0.095863 0.215378
7 0.482003 0.626261 0.076906 0.063678
2 0.802203 0.266150 0.127681 0.206767
2 0.906497 0.109956 0.121356 0.175289
2 0.560434 0.040844 0.220594 0.075289
2 0.318981 0.257722 0.121988 0.214622
11 0.187706 0.493406 0.027800 0.058522
5 0.205944 0.614083 0.073212 0.369878
2 0.137997 0.629067 0.036344 0.433556
2 0.075841 0.643111 0.080594 0.369889
16 0.292756 0.796178 0.033288 0.079333
16 0.362806 0.769189 0.029262 0.066978
16 0.404506 0.732778 0.033650 0.061778
16 0.426819 0.704161 0.034387 0.052678
16 0.443097 0.594267 0.035481 0.039667
16 0.434684 0.498022 0.035481 0.050067
16 0.439984 0.664500 0.025606 0.031867
5 0.644266 0.589372 0.101944 0.346278
5 0.922969 0.638239 0.114687 0.432033
2 0.981509 0.631772 0.036981 0.435278
2 0.852034 0.950639 0.139581 0.098722
2 0.294141 0.949450 0.146644 0.101100
2 0.209631 0.070517 0.139688 0.112367
5 0.560119 0.147489 0.230075 0.138222
14 0.109269 0.191561 0.216925 0.140233
