8 0.497394 0.349383 0.043212 0.036567
14 0.108800 0.174161 0.217537 0.144011
7 0.472906 0.334378 0.065812 0.042133
1 0.463147 0.472594 0.062681 0.252833
0 0.508444 0.460883 0.064788 0.261256
11 0.475978 0.496056 0.035356 0.052022
11 0.207638 0.234156 0.037087 0.056444
2 0.126794 0.389172 0.109213 0.319722
5 0.229566 0.360856 0.088744 0.370956
2 0.310347 0.721228 0.133494 0.242722
2 0.126791 0.874772 0.226031 0.250456
5 0.569447 0.849567 0.273969 0.158578
2 0.831581 0.720122 0.148363 0.262133
2 0.571722 0.966044 0.278519 0.067911
2 0.956559 0.932389 0.086881 0.125400
5 0.647269 0.322894 0.091775 0.306100
2 0.798209 0.065372 0.129706 0.130744
2 0.332112 0.059272 0.130463 0.115967
