2 0.588791 0.362672 0.076606 0.250811
2 0.776894 0.259522 0.170662 0.160467
2 0.361619 0.310761 0.106187 0.203611
2 0.764759 0.540672 0.131219 0.169900
5 0.775150 0.707872 0.130463 0.148322
2 0.424575 0.614833 0.086463 0.188778
2 0.269466 0.838000 0.147906 0.133489
2 0.210678 0.494144 0.141081 0.160467
2 0.049878 0.352561 0.098606 0.238678
14 0.108375 0.173217 0.216750 0.120011
5 0.480703 0.303344 0.125906 0.156422
2 0.958556 0.502239 0.051575 0.195522
2 0.847816 0.148272 0.124394 0.167211
2 0.501147 0.057278 0.157844 0.114556
2 0.239084 0.061300 0.117644 0.111911
5 0.245116 0.673628 0.128181 0.203611
0 0.496784 0.457511 0.075219 0.256200
