4 0.605881 0.272106 0.048675 0.073033
4 0.858397 0.163111 0.050569 0.109000
5 0.943406 0.309189 0.113187 0.113489
5 0.224925 0.596856 0.314775 0.109000
5 0.856341 0.688567 0.214806 0.169911
9 0.784559 0.807122 0.091019 0.097089
5 0.528869 0.114833 0.195688 0.079556
2 0.289941 0.243611 0.154731 0.172600
2 0.699909 0.465422 0.340569 0.273733
2 0.902047 0.531500 0.192656 0.200911
2 0.319053 0.784844 0.218444 0.237867
2 0.112897 0.424000 0.081006 0.221689
2 0.095144 0.725783 0.069175 0.135922
6 0.045863 0.491994 0.091725 0.978633
