2 0.851063 0.883872 0.103762 0.179611
1 0.408947 0.016900 0.059256 0.032000
1 0.312378 0.024311 0.056619 0.040578
2 0.122406 0.421106 0.142850 0.088767
2 0.251662 0.489089 0.110612 0.204511
2 0.328144 0.623933 0.111875 0.157311
2 0.663106 0.367694 0.137438 0.056633
2 0.721359 0.238244 0.037319 0.279933
2 0.657191 0.177778 0.080094 0.355556
2 0.019144 0.095022 0.034588 0.126178
2 0.184800 0.048111 0.072813 0.067956
2 0.583009 0.037594 0.070081 0.072811
2 0.450575 0.275461 0.043687 0.173144
3 0.399606 0.373356 0.063713 0.103556
2 0.166597 0.302161 0.156556 0.110033
5 0.156584 0.514939 0.076456 0.134300
2 0.252153 0.667044 0.030944 0.169911
2 0.304034 0.731772 0.143806 0.076056
2 0.549331 0.855556 0.084650 0.155333
5 0.549787 0.960733 0.083738 0.055022
5 0.637619 0.891961 0.093750 0.199033
5 0.804187 0.769794 0.173850 0.064722
5 0.764141 0.855556 0.081006 0.210356
5 0.828306 0.454261 0.156550 0.145633
2 0.748666 0.461539 0.161106 0.153722
4 0.954825 0.877400 0.069175 0.202267
3 0.772813 0.322372 0.067250 0.099633
0 0.501547 0.477728 0.087381 0.231389
5 0.554794 0.302156 0.153825 0.174756
