2 0.445844 0.470600 0.072813 0.236244
2 0.442022 0.606606 0.143356 0.070122
2 0.502700 0.465694 0.035650 0.314189
2 0.524316 0.709089 0.171419 0.175289
2 0.843881 0.796494 0.123762 0.080900
2 0.131463 0.092772 0.073725 0.182856
2 0.227034 0.528856 0.051881 0.194178
2 0.375394 0.240828 0.077362 0.074433
5 0.321694 0.519144 0.152000 0.148867
5 0.299638 0.205017 0.074588 0.143833
2 0.821006 0.047833 0.049513 0.072111
2 0.449941 0.192289 0.071906 0.304200
2 0.538228 0.083872 0.106494 0.077678
5 0.646088 0.044361 0.114687 0.088722
3 0.171238 0.609978 0.072062 0.125400
4 0.143553 0.704367 0.053094 0.101133
0 0.586134 0.463000 0.111494 0.200911
1 0.342659 0.065978 0.079644 0.131956
2 0.843659 0.290361 0.035819 0.064611
