2 0.412131 0.472406 0.086975 0.165278
2 0.421534 0.307339 0.086969 0.165278
2 0.304000 0.298983 0.086975 0.165278
2 0.299300 0.476589 0.086975 0.165267
2 0.184119 0.670906 0.086975 0.165278
2 0.123003 0.384650 0.086969 0.165278
2 0.215853 0.133917 0.086969 0.165278
2 0.365119 0.044550 0.086975 0.089100
2 0.515559 0.131828 0.086969 0.165278
2 0.044256 0.919789 0.086975 0.160422
0 0.501750 0.481017 0.084475 0.221611
6 0.951622 0.499089 0.096756 0.987422
9 0.783516 0.808850 0.073144 0.148344
2 0.590781 0.384650 0.086975 0.165278
2 0.797637 0.273911 0.086975 0.165267
2 0.795284 0.612406 0.086969 0.165278
2 0.663072 0.942489 0.130481 0.115022
2 0.349838 0.787917 0.086975 0.165278
2 0.510856 0.670906 0.086975 0.165278
