2 0.121828 0.734161 0.086969 0.165278
2 0.204100 0.243139 0.086975 0.165278
2 0.026241 0.928144 0.052481 0.143711
2 0.650719 0.516861 0.086975 0.165278
6 0.862969 0.500000 0.274062 1.000000
2 0.234656 0.058778 0.086975 0.117556
2 0.563741 0.142833 0.117519 0.190333
9 0.759084 0.832850 0.058381 0.126678
0 0.486662 0.454361 0.054375 0.255656
1 0.539603 0.463900 0.050081 0.221311
2 0.355716 0.347611 0.086969 0.165267
2 0.425059 0.631778 0.086969 0.165267
2 0.341612 0.926056 0.086975 0.147889
2 0.246413 0.715356 0.086975 0.165267
2 0.244062 0.546106 0.086975 0.165278
2 0.130056 0.548194 0.086975 0.165278
2 0.050134 0.343428 0.086969 0.165278
