4 0.290322 0.375350 0.069019 0.130789
3 0.315350 0.310622 0.065988 0.101133
2 0.164034 0.574917 0.048544 0.144278
2 0.217884 0.671333 0.145631 0.053933
2 0.196266 0.968489 0.164594 0.063022
2 0.459087 0.786628 0.100125 0.157767
2 0.756797 0.812917 0.093294 0.196878
5 0.543278 0.843933 0.083431 0.226533
5 0.459084 0.903933 0.103156 0.093044
5 0.666916 0.781233 0.083431 0.227889
2 0.618372 0.401556 0.081644 0.171333
5 0.071416 0.455172 0.081119 0.151700
2 0.085428 0.247717 0.154856 0.135967
2 0.373756 0.227700 0.043987 0.156422
5 0.744281 0.687511 0.078888 0.053933
5 0.971828 0.808700 0.056131 0.382600
5 0.770863 0.399644 0.083225 0.147022
5 0.696594 0.359383 0.065312 0.064611
0 0.482219 0.302533 0.078125 0.219800
2 0.696331 0.437572 0.073213 0.091767
5 0.078472 0.087028 0.152331 0.068544
3 0.694978 0.236461 0.068269 0.155078
4 0.856159 0.802133 0.087231 0.218444
