2 0.372316 0.380878 0.066744 0.099778
3 0.566034 0.706661 0.067506 0.105189
3 0.155309 0.766667 0.071294 0.111911
4 0.140594 0.852828 0.081162 0.132144
2 0.211831 0.675294 0.053700 0.177989
2 0.106250 0.163161 0.111950 0.325233
4 0.009209 0.159117 0.018419 0.135922
2 0.688319 0.066883 0.032763 0.067967
2 0.838500 0.165589 0.038225 0.106800
2 0.857159 0.416394 0.055519 0.090611
5 0.661012 0.156689 0.121963 0.095467
5 0.320600 0.676911 0.163837 0.158578
5 0.611819 0.834683 0.161925 0.076056
5 0.650091 0.913161 0.089194 0.077678
2 0.570450 0.908306 0.073725 0.093856
2 0.483069 0.866239 0.088287 0.187700
2 0.503097 0.604100 0.037319 0.343044
2 0.438019 0.769144 0.152912 0.051778
2 0.425484 0.113661 0.101131 0.070789
5 0.290853 0.342894 0.079644 0.151700
5 0.370178 0.297978 0.086594 0.059511
2 0.445522 0.634383 0.070794 0.219122
2 0.450263 0.350089 0.065100 0.347222
2 0.538438 0.213561 0.112512 0.098878
2 0.546972 0.118044 0.097969 0.087644
2 0.594369 0.061317 0.139800 0.110678
2 0.859619 0.321250 0.070088 0.187700
0 0.627250 0.499222 0.089125 0.263333
