0 0.514922 0.463017 0.075119 0.258189
0 0.505409 0.467850 0.075119 0.258189
4 0.445009 0.548856 0.046244 0.117444
4 0.662544 0.385272 0.052850 0.119122
4 0.274475 0.109950 0.050963 0.068789
2 0.163869 0.797839 0.203850 0.145967
2 0.637631 0.461778 0.126463 0.446289
2 0.954669 0.952600 0.090662 0.082556
2 0.550241 0.049689 0.116081 0.099378
2 0.230778 0.171517 0.184981 0.147633
2 0.012297 0.445844 0.021706 0.312067
2 0.422563 0.505850 0.076287 0.329967
2 0.949775 0.388783 0.100450 0.072478
2 0.954531 0.536156 0.090938 0.077311
5 0.879356 0.219339 0.241287 0.265767
5 0.925422 0.745483 0.149156 0.336300
5 0.866019 0.467317 0.083050 0.246633
5 0.859603 0.874006 0.089656 0.251989
5 0.635694 0.721167 0.121112 0.081089
5 0.593359 0.664661 0.041944 0.203900
5 0.366678 0.549356 0.040581 0.302000
5 0.387044 0.669317 0.073400 0.085056
5 0.044484 0.756733 0.033031 0.130867
5 0.130837 0.701539 0.205738 0.041944
5 0.035737 0.271017 0.071475 0.046989
5 0.047409 0.424539 0.044356 0.266767
5 0.270131 0.245850 0.184975 0.078856
5 0.342800 0.222361 0.033975 0.115767
