8 0.500744 0.339856 0.043225 0.038867
2 0.743988 0.244883 0.091850 0.205167
2 0.662144 0.549494 0.133075 0.190522
2 0.245266 0.485644 0.085969 0.159111
2 0.331819 0.240694 0.091850 0.226100
4 0.380103 0.633233 0.058881 0.148644
1 0.390138 0.919511 0.071700 0.156044
2 0.236784 0.048122 0.090681 0.096244
9 0.779978 0.814322 0.072694 0.116044
2 0.018691 0.727656 0.036506 0.167489
2 0.840316 0.027989 0.081256 0.052333
2 0.643653 0.023800 0.109519 0.039778
2 0.427559 0.027078 0.113056 0.054156
2 0.563225 0.792344 0.095388 0.190511
2 0.980334 0.662550 0.039331 0.144456
2 0.420731 0.537983 0.123650 0.133989
