7 0.182431 0.376917 0.069175 0.067967
2 0.571084 0.412517 0.125606 0.119744
2 0.708072 0.231283 0.121056 0.245944
2 0.930159 0.283067 0.081006 0.245956
2 0.791353 0.521733 0.116506 0.202267
5 0.607950 0.568661 0.133800 0.182856
2 0.658928 0.732900 0.122856 0.132689
5 0.342081 0.322706 0.050975 0.145633
5 0.393506 0.404422 0.102850 0.111644
2 0.388044 0.241800 0.099213 0.184467
5 0.185938 0.722306 0.259500 0.149033
4 0.182797 0.492600 0.043694 0.103578
2 0.215566 0.563806 0.114681 0.161811
5 0.829384 0.230128 0.112256 0.141589
2 0.282372 0.075378 0.127431 0.142556
2 0.591384 0.036922 0.101031 0.073844
2 0.802550 0.044633 0.093750 0.074600
0 0.141366 0.432567 0.057519 0.212378
5 0.568538 0.732011 0.053850 0.142933
