14 0.110822 0.181806 0.221644 0.142611
8 0.484744 0.379794 0.031075 0.029033
0 0.493959 0.452361 0.063206 0.260322
1 0.457878 0.437850 0.061631 0.175100
4 0.813056 0.555556 0.057938 0.168556
2 0.869416 0.506394 0.086381 0.221922
2 0.641119 0.749861 0.193325 0.217478
2 0.396456 0.847917 0.110312 0.165056
2 0.159441 0.917822 0.149631 0.149511
2 0.222247 0.456656 0.039319 0.233000
11 0.399188 0.301311 0.043687 0.081556
5 0.415216 0.067850 0.145544 0.127833
5 0.768369 0.131767 0.161925 0.165044
5 0.579991 0.343256 0.116806 0.186089
5 0.674425 0.374272 0.061437 0.129456
2 0.733966 0.298089 0.095569 0.184733
5 0.302381 0.455178 0.118325 0.202267
2 0.057188 0.676972 0.114375 0.107878
2 0.038494 0.384194 0.075912 0.183278
2 0.155081 0.636139 0.297325 0.155078
