5 0.617125 0.122167 0.111375 0.244333
5 0.943706 0.237556 0.072062 0.234889
5 0.726906 0.593889 0.153937 0.202000
5 0.869437 0.833833 0.152875 0.332333
5 0.356625 0.185111 0.105875 0.223333
1 0.114700 0.388056 0.072062 0.209667
2 0.222225 0.276672 0.075087 0.186078
2 0.105416 0.100028 0.207069 0.199567
2 0.488456 0.155867 0.075087 0.311733
2 0.744447 0.235544 0.086469 0.138889
2 0.863759 0.549594 0.036406 0.083611
2 0.624091 0.490211 0.036406 0.083600
2 0.589200 0.727533 0.036412 0.083600
2 0.751516 0.723489 0.036406 0.083600
2 0.681734 0.970294 0.036406 0.059411
2 0.420053 0.968272 0.036406 0.063456
2 0.426122 0.666856 0.036406 0.083600
2 0.429159 0.436267 0.036406 0.083600
2 0.270631 0.542800 0.036412 0.083600
2 0.064322 0.607522 0.036406 0.083600
2 0.124241 0.836083 0.131981 0.222500
4 0.383625 0.823306 0.066750 0.140167
2 0.087331 0.322511 0.036413 0.083600
0 0.500750 0.473611 0.071250 0.221222
