0 0.505409 0.467850 0.075119 0.258189
8 0.500072 0.354044 0.066369 0.052444
1 0.461884 0.567544 0.066894 0.183533
7 0.466156 0.438222 0.083400 0.066978
1 0.097159 0.895167 0.078131 0.209667
4 0.084850 0.334750 0.053200 0.084278
5 0.112081 0.124017 0.224163 0.248033
4 0.452613 0.918028 0.056187 0.092078
2 0.819563 0.173033 0.081700 0.149822
2 0.876737 0.147750 0.033713 0.097389
2 0.742159 0.145878 0.074269 0.095511
2 0.377372 0.035856 0.073794 0.060867
2 0.465050 0.303611 0.114687 0.077667
5 0.687362 0.129028 0.036875 0.139678
5 0.777784 0.079478 0.147481 0.040578
5 0.660197 0.463850 0.042981 0.206767
5 0.697494 0.385750 0.113775 0.064056
5 0.956831 0.386878 0.086338 0.057311
5 0.886103 0.851050 0.222994 0.136189
5 0.370706 0.812633 0.124537 0.374733
5 0.212425 0.320894 0.140113 0.136722
5 0.221094 0.888378 0.165600 0.134844
5 0.397938 0.100089 0.113775 0.080533
5 0.433756 0.029861 0.036875 0.056189
2 0.956959 0.496044 0.071356 0.153889
2 0.366859 0.493828 0.175906 0.242344
2 0.867456 0.961328 0.160875 0.077344
2 0.834572 0.429733 0.154794 0.132622
2 0.727234 0.499417 0.075769 0.152456
2 0.185906 0.977661 0.241812 0.041544
5 0.581094 0.860317 0.225600 0.271300
5 0.164072 0.603378 0.235231 0.425711
5 0.658819 0.890233 0.244188 0.199333
