2 0.448325 0.094289 0.086975 0.165267
2 0.826778 0.044583 0.086969 0.089167
2 0.890059 0.555228 0.086969 0.165278
2 0.971278 0.182606 0.057444 0.165278
2 0.024569 0.476133 0.049138 0.165267
9 0.781069 0.808589 0.060812 0.108111
0 0.502481 0.444400 0.111088 0.231667
2 0.359000 0.762917 0.086975 0.165278
2 0.494163 0.773361 0.086975 0.165278
2 0.902000 0.920583 0.086975 0.158833
2 0.249697 0.949833 0.086969 0.100333
2 0.599944 0.949833 0.086975 0.100333
2 0.582313 0.395172 0.086975 0.165278
2 0.679863 0.654261 0.086975 0.165278
2 0.783888 0.186228 0.106975 0.165278
2 0.435397 0.265628 0.086969 0.165278
2 0.269678 0.376361 0.086969 0.165278
2 0.169775 0.666800 0.086975 0.165267
2 0.368406 0.562328 0.086975 0.165278
2 0.485938 0.583217 0.086975 0.165278
2 0.178003 0.161167 0.086969 0.173667
