2 0.533094 0.326750 0.127787 0.227189
2 0.754819 0.385006 0.092837 0.153389
2 0.607912 0.664611 0.089562 0.200000
2 0.387825 0.563644 0.129975 0.130089
2 0.196687 0.409278 0.129975 0.201933
2 0.038544 0.719961 0.077088 0.248544
2 0.405850 0.121900 0.107037 0.178644
2 0.103847 0.154906 0.127794 0.264078
5 0.427694 0.746172 0.137625 0.207767
5 0.938312 0.745200 0.101575 0.225244
2 0.930109 0.591800 0.139781 0.178644
2 0.926831 0.311217 0.146338 0.157278
2 0.650453 0.099783 0.135544 0.199567
2 0.844325 0.056750 0.090763 0.110878
4 0.782397 0.493883 0.062769 0.134300
1 0.786131 0.582106 0.065837 0.195078
2 0.456813 0.908483 0.153263 0.161278
5 0.652362 0.362306 0.108638 0.144367
0 0.506391 0.456861 0.075056 0.254389
