2 0.111028 0.379556 0.084956 0.083600
0 0.501800 0.457294 0.078637 0.286611
5 0.840612 0.325644 0.082575 0.144467
2 0.925803 0.354767 0.077331 0.095533
2 0.801294 0.656517 0.053738 0.172433
5 0.914009 0.663506 0.166456 0.139811
2 0.982891 0.757878 0.034219 0.062911
3 0.744934 0.742733 0.085194 0.111844
2 0.444131 0.663511 0.062913 0.158444
2 0.525394 0.698461 0.110100 0.088544
5 0.403578 0.439156 0.119844 0.160467
2 0.307481 0.439561 0.080400 0.152367
5 0.209253 0.435517 0.114531 0.160456
5 0.109512 0.467883 0.087988 0.098433
2 0.067794 0.689694 0.116812 0.094389
2 0.158053 0.672167 0.065231 0.164511
5 0.498619 0.914483 0.096325 0.155078
5 0.073862 0.916506 0.093300 0.153722
5 0.317491 0.096183 0.224394 0.076411
2 0.316544 0.038311 0.283175 0.075289
2 0.487837 0.047811 0.037925 0.085511
2 0.157891 0.050617 0.035394 0.100122
2 0.636513 0.245656 0.042475 0.095733
2 0.667612 0.145133 0.037925 0.283311
2 0.605794 0.120183 0.081163 0.230722
2 0.499984 0.818206 0.250306 0.136189
2 0.610303 0.941294 0.124519 0.114567
2 0.108003 0.812072 0.216006 0.132233
2 0.949544 0.114078 0.100913 0.122978
