6 0.074456 0.500950 0.148913 0.998100
5 0.256887 0.279639 0.074338 0.173944
2 0.241719 0.485950 0.118325 0.165856
2 0.431341 0.134006 0.174456 0.192833
2 0.684678 0.081422 0.194169 0.101133
2 0.733978 0.302561 0.112256 0.233278
2 0.907297 0.619444 0.123631 0.265644
2 0.622153 0.664100 0.215544 0.266311
1 0.788391 0.758489 0.065106 0.261822
0 0.500981 0.458467 0.080275 0.248333
2 0.569247 0.937394 0.096706 0.125211
11 0.753181 0.976167 0.043612 0.047667
5 0.233738 0.900806 0.166563 0.179611
5 0.341959 0.735761 0.043694 0.221678
5 0.868616 0.271200 0.077544 0.165044
5 0.915584 0.176056 0.044781 0.168933
5 0.858241 0.367311 0.041506 0.097089
5 0.917222 0.820711 0.146356 0.126222
