2 0.632141 0.503072 0.198469 0.100011
2 0.390372 0.542406 0.134631 0.156189
2 0.289553 0.613200 0.093544 0.142711
2 0.675438 0.684550 0.124525 0.098878
2 0.726319 0.778944 0.048037 0.303400
11 0.417550 0.910978 0.054988 0.095511
5 0.164563 0.742461 0.086287 0.207767
5 0.316928 0.340517 0.133256 0.285433
5 0.460012 0.211389 0.069900 0.124267
6 0.498694 0.070744 0.997387 0.141489
6 0.061559 0.496139 0.113244 0.980100
5 0.827875 0.771200 0.086288 0.266022
5 0.877575 0.612944 0.054612 0.178644
2 0.156463 0.946844 0.077363 0.093044
