5 0.883613 0.102383 0.074800 0.132033
2 0.580309 0.419872 0.199481 0.145633
2 0.642266 0.044139 0.051619 0.083344
2 0.536916 0.082533 0.048456 0.088956
2 0.424672 0.138244 0.048456 0.114244
2 0.281716 0.084406 0.040556 0.079589
2 0.096041 0.140589 0.050569 0.088956
2 0.015891 0.294161 0.031781 0.105811
2 0.234047 0.349872 0.120094 0.314633
0 0.505472 0.467117 0.073956 0.209011
2 0.807934 0.412189 0.058406 0.164511
5 0.651619 0.621156 0.151112 0.216311
5 0.801969 0.613667 0.083225 0.218178
5 0.647109 0.270472 0.115881 0.157322
5 0.834628 0.182450 0.047406 0.164811
5 0.157075 0.055750 0.145350 0.111433
2 0.519859 0.670817 0.084194 0.106522
