2 0.570903 0.489539 0.141994 0.134300
2 0.726547 0.306689 0.123781 0.257289
2 0.941353 0.360894 0.089194 0.265367
2 0.803913 0.606850 0.123787 0.213589
2 0.665109 0.818822 0.139256 0.155333
5 0.619144 0.653778 0.138350 0.190933
5 0.578187 0.819633 0.043687 0.144022
5 0.184069 0.820444 0.256675 0.210356
2 0.238228 0.655394 0.090106 0.207122
2 0.163591 0.669956 0.046419 0.106800
4 0.169509 0.565589 0.058256 0.111644
0 0.228669 0.436950 0.103762 0.239478
2 0.379309 0.321250 0.126519 0.231389
2 0.570950 0.052294 0.133888 0.104589
2 0.827625 0.064939 0.150275 0.124589
5 0.841775 0.297950 0.103762 0.147256
2 0.271953 0.121550 0.122056 0.231344
5 0.400228 0.489561 0.089506 0.102478
10 0.854537 0.920539 0.074275 0.132033
5 0.104175 0.604039 0.080825 0.248544
