7 0.344166 0.281367 0.070794 0.049444
1 0.359334 0.434189 0.068269 0.206756
5 0.388094 0.418461 0.079012 0.215744
0 0.511437 0.449539 0.078125 0.262944
4 0.683616 0.760356 0.065994 0.172600
2 0.680203 0.444150 0.112256 0.149678
2 0.951978 0.088917 0.096044 0.177833
5 0.525850 0.201428 0.111500 0.200922
5 0.133709 0.437406 0.114531 0.128100
2 0.212212 0.792717 0.089500 0.156411
2 0.443553 0.867556 0.115294 0.152378
2 0.905628 0.408578 0.188744 0.098711
2 0.945456 0.679856 0.109087 0.291267
2 0.893187 0.966678 0.186587 0.066644
5 0.357069 0.119417 0.071900 0.139167
5 0.169116 0.176861 0.076456 0.147256
5 0.328869 0.953989 0.078125 0.083600
5 0.715056 0.928894 0.079537 0.142211
