2 0.661719 0.540667 0.035937 0.070667
2 0.819906 0.553000 0.046313 0.085778
2 0.325884 0.397033 0.087506 0.171556
2 0.178684 0.401222 0.087506 0.171556
2 0.184572 0.185589 0.087506 0.171556
2 0.041150 0.196056 0.082300 0.171556
2 0.040559 0.397033 0.081119 0.171556
2 0.021128 0.627322 0.042256 0.171556
2 0.013475 0.868089 0.026950 0.171556
2 0.144531 0.878556 0.087500 0.171556
2 0.316466 0.874367 0.087506 0.171556
2 0.482509 0.870178 0.087506 0.171556
2 0.155128 0.618956 0.087506 0.171556
2 0.317641 0.610578 0.087506 0.171556
2 0.484866 0.625233 0.087506 0.171556
2 0.561813 0.191122 0.509375 0.171556
2 0.550888 0.078478 0.152225 0.084378
2 0.937650 0.117944 0.122950 0.194556
2 0.545500 0.668056 0.039125 0.090333
2 0.628531 0.916222 0.045063 0.092000
2 0.749844 0.732000 0.033313 0.092000
2 0.772781 0.384444 0.046312 0.092000
0 0.504653 0.451344 0.088431 0.215200
7 0.500653 0.354167 0.057831 0.056178
