3 0.292106 0.328461 0.079950 0.121167
2 0.726594 0.594094 0.173012 0.088544
5 0.722662 0.679139 0.188738 0.100189
5 0.904191 0.471761 0.087819 0.151456
2 0.880600 0.264383 0.169075 0.128144
2 0.697759 0.060539 0.086506 0.121078
2 0.512953 0.022094 0.083881 0.044189
5 0.558172 0.084967 0.171694 0.076889
11 0.520675 0.503361 0.033500 0.047189
2 0.349481 0.667961 0.156250 0.076856
2 0.417747 0.577550 0.043994 0.125544
2 0.336578 0.561444 0.112281 0.133556
2 0.417750 0.485244 0.104675 0.105178
8 0.496634 0.353778 0.069781 0.055289
7 0.454916 0.298489 0.056131 0.055289
2 0.517869 0.283656 0.142600 0.074156
9 0.783875 0.813589 0.109225 0.206311
10 0.855931 0.922144 0.087988 0.126756
4 0.701197 0.910694 0.074331 0.146944
5 0.076213 0.718661 0.152425 0.091700
5 0.027669 0.829911 0.055338 0.138889
2 0.101228 0.828561 0.093294 0.136189
2 0.234462 0.245228 0.055450 0.167211
14 0.105384 0.181761 0.210769 0.116856
2 0.047231 0.367172 0.094462 0.139344
