2 0.939934 0.523478 0.081544 0.097756
2 0.859028 0.480211 0.085331 0.152822
2 0.816362 0.400994 0.144112 0.066300
2 0.861872 0.253228 0.050569 0.285411
5 0.807072 0.918100 0.092281 0.163800
5 0.925903 0.877778 0.092281 0.206756
3 0.921922 0.342561 0.069531 0.093278
2 0.720631 0.881928 0.082825 0.152100
2 0.466688 0.766233 0.153825 0.076044
2 0.410256 0.699894 0.055525 0.189322
4 0.112153 0.805339 0.067506 0.155122
4 0.076881 0.963133 0.112263 0.066067
3 0.541472 0.397394 0.075219 0.120233
2 0.486103 0.653600 0.116931 0.160689
2 0.404562 0.566517 0.100500 0.112367
2 0.315125 0.454144 0.221225 0.105622
2 0.022613 0.385594 0.045225 0.247211
2 0.139988 0.132900 0.083438 0.137533
2 0.326200 0.075594 0.085712 0.084944
2 0.307691 0.329506 0.147906 0.124056
2 0.099863 0.667961 0.167625 0.091700
0 0.501106 0.446817 0.058400 0.215744
2 0.723725 0.047678 0.071300 0.080911
5 0.649772 0.045656 0.072056 0.087644
5 0.697937 0.324111 0.156250 0.137533
2 0.599331 0.311978 0.045513 0.164511
2 0.986594 0.907822 0.026813 0.168289
