2 0.478672 0.878744 0.103156 0.180689
14 0.114919 0.183272 0.229838 0.139811
9 0.783512 0.817261 0.061437 0.094389
10 0.855531 0.921761 0.056963 0.111922
2 0.604322 0.469011 0.082919 0.152267
0 0.715231 0.448222 0.068263 0.216822
7 0.696572 0.300972 0.072819 0.064722
5 0.521816 0.444983 0.080094 0.207122
5 0.408494 0.502428 0.079188 0.218456
5 0.323847 0.559061 0.088294 0.095478
2 0.326578 0.440939 0.082831 0.134300
2 0.567037 0.849761 0.082675 0.074167
2 0.081828 0.611489 0.152456 0.094400
2 0.018494 0.710533 0.033375 0.160600
2 0.102687 0.757050 0.118325 0.183522
2 0.020622 0.893917 0.041244 0.179478
2 0.103859 0.337078 0.140394 0.071467
2 0.052662 0.274383 0.042550 0.078211
5 0.633366 0.109400 0.081994 0.133622
2 0.559034 0.137717 0.062269 0.082389
2 0.489253 0.103328 0.072894 0.145767
2 0.448331 0.033278 0.136525 0.051244
3 0.207094 0.038889 0.066825 0.077778
5 0.829097 0.464778 0.078881 0.347889
6 0.878019 0.157339 0.059925 0.296656
5 0.899256 0.483656 0.056887 0.342511
11 0.667534 0.461411 0.029581 0.089000
5 0.655222 0.893889 0.086906 0.172400
5 0.570944 0.934150 0.080588 0.088122
5 0.559450 0.068094 0.063213 0.056189
3 0.559641 0.015450 0.063206 0.030900
2 0.791297 0.176978 0.108081 0.103378
