2 0.437759 0.874367 0.087506 0.171556
2 0.116269 0.631511 0.087500 0.171556
2 0.587084 0.389911 0.087506 0.171556
2 0.141550 0.395144 0.087500 0.171556
2 0.021719 0.179306 0.043437 0.171544
2 0.011709 0.382378 0.023419 0.171556
2 0.103316 0.876456 0.087506 0.171556
2 0.268184 0.878556 0.087506 0.171556
0 0.492806 0.441578 0.076412 0.225889
2 0.151363 0.184044 0.087500 0.171556
2 0.608516 0.876456 0.087506 0.171556
2 0.604984 0.621044 0.087506 0.171556
2 0.448359 0.623144 0.087506 0.171556
2 0.301509 0.184044 0.087506 0.171556
2 0.283491 0.618956 0.087506 0.171556
2 0.285809 0.386422 0.087506 0.171556
2 0.672963 0.191022 0.532075 0.171556
