2 0.392616 0.778267 0.046356 0.232000
14 0.109341 0.181350 0.218681 0.141944
11 0.127594 0.489600 0.042212 0.071222
1 0.129381 0.341428 0.054375 0.166611
1 0.043172 0.452717 0.060806 0.188233
7 0.514069 0.336678 0.059025 0.054044
0 0.493200 0.471283 0.061412 0.213033
4 0.521222 0.490367 0.049481 0.094333
4 0.875575 0.917778 0.109463 0.164444
2 0.266416 0.715694 0.290181 0.097678
2 0.609506 0.247689 0.305487 0.076311
2 0.625787 0.142244 0.049450 0.284489
2 0.257484 0.159461 0.036056 0.315256
2 0.329087 0.272222 0.103025 0.097067
2 0.935372 0.166178 0.087569 0.170333
2 0.985972 0.083756 0.028056 0.166667
2 0.683481 0.802072 0.135987 0.388278
2 0.758688 0.656467 0.039150 0.075089
2 0.942581 0.655917 0.093750 0.111722
5 0.613528 0.320611 0.307831 0.090111
5 0.305081 0.813250 0.126713 0.146522
2 0.323316 0.494017 0.048419 0.106233
2 0.791038 0.439072 0.058725 0.095233
2 0.560781 0.852989 0.063875 0.109889
5 0.800619 0.695294 0.042237 0.146522
5 0.770225 0.792367 0.051512 0.216111
