4 0.299725 0.169600 0.046362 0.087000
4 0.458122 0.311539 0.060956 0.114478
1 0.613228 0.141361 0.069394 0.166611
7 0.606072 0.025211 0.053656 0.050422
2 0.402853 0.245067 0.161419 0.162978
2 0.734053 0.957511 0.082269 0.084978
2 0.084172 0.498800 0.162844 0.162978
2 0.264356 0.807811 0.082275 0.162978
2 0.556878 0.616878 0.082269 0.162978
2 0.975497 0.554067 0.049006 0.162978
2 0.816891 0.079117 0.113344 0.158233
2 0.961366 0.275211 0.077269 0.162978
9 0.783722 0.808483 0.086544 0.111722
14 0.109134 0.182572 0.211194 0.155678
