5 0.501519 0.620328 0.077550 0.079611
14 0.112469 0.179717 0.224513 0.136189
0 0.502184 0.454528 0.080406 0.254856
2 0.644781 0.316317 0.163837 0.280478
5 0.805203 0.347889 0.157394 0.192156
2 0.839787 0.516372 0.042137 0.089900
2 0.138484 0.843289 0.131219 0.172600
2 0.156184 0.590161 0.125156 0.169678
2 0.210712 0.072028 0.303400 0.144056
2 0.234678 0.258294 0.155381 0.056189
2 0.500034 0.047867 0.084069 0.089889
2 0.643834 0.046967 0.083431 0.093933
5 0.235559 0.715472 0.113594 0.130100
5 0.290716 0.886372 0.075369 0.227256
5 0.585072 0.653333 0.078644 0.149511
2 0.647891 0.917444 0.110344 0.165111
5 0.947694 0.159161 0.089562 0.240789
2 0.245031 0.369817 0.490063 0.141700
2 0.849394 0.755272 0.048063 0.108744
2 0.689381 0.697022 0.051337 0.089311
2 0.973363 0.691194 0.033863 0.085433
2 0.958009 0.429061 0.083981 0.166989
2 0.014725 0.611961 0.026550 0.164056
5 0.112066 0.679378 0.044244 0.085400
2 0.481503 0.755344 0.051094 0.088022
2 0.438366 0.578550 0.040031 0.089900
2 0.398069 0.947967 0.057413 0.092711
