14 0.134559 0.177478 0.164744 0.160356
5 0.449484 0.322383 0.155644 0.142389
2 0.198725 0.721250 0.080100 0.257278
5 0.261984 0.762517 0.053706 0.074433
5 0.755766 0.712350 0.140169 0.223300
2 0.750756 0.546494 0.122875 0.118122
2 0.948269 0.541556 0.044600 0.231556
2 0.760316 0.295606 0.185681 0.163589
2 0.472700 0.086517 0.120675 0.155078
2 0.226569 0.093933 0.135087 0.137533
2 0.333175 0.350806 0.090262 0.292611
2 0.037325 0.373272 0.070612 0.210789
2 0.188306 0.539589 0.132738 0.146978
2 0.409406 0.660950 0.097088 0.217100
2 0.264872 0.882767 0.143431 0.113267
2 0.842594 0.176033 0.097338 0.160689
2 0.735141 0.178272 0.117569 0.068544
1 0.606513 0.463133 0.080275 0.233733
0 0.506331 0.482800 0.067000 0.246089
2 0.551837 0.394028 0.048038 0.252833
