2 0.301659 0.915528 0.205681 0.164500
4 0.064219 0.297178 0.087188 0.128133
2 0.172778 0.317133 0.036406 0.083600
2 0.512466 0.363739 0.036406 0.083611
2 0.669747 0.427817 0.036406 0.083611
2 0.825934 0.423933 0.036406 0.083600
2 0.927512 0.268589 0.036412 0.083600
2 0.700328 0.214222 0.036406 0.083600
2 0.757125 0.655000 0.036412 0.083600
2 0.930791 0.779272 0.036406 0.083611
2 0.515741 0.656944 0.036406 0.083600
2 0.390134 0.717133 0.036406 0.083600
2 0.228497 0.586072 0.136869 0.349633
2 0.554716 0.927967 0.140194 0.144067
2 0.744022 0.920406 0.105581 0.158078
2 0.044503 0.733439 0.087369 0.167789
2 0.053159 0.955839 0.104681 0.088322
5 0.439469 0.214550 0.046562 0.098233
5 0.609484 0.190922 0.079406 0.337622
7 0.473438 0.395739 0.061437 0.071478
4 0.472678 0.524511 0.065994 0.134844
5 0.632038 0.652750 0.122875 0.322278
5 0.800803 0.302161 0.144869 0.165856
5 0.927472 0.536789 0.126669 0.311489
5 0.057047 0.524439 0.112806 0.200544
1 0.144478 0.121606 0.057644 0.145633
2 0.317188 0.055206 0.075088 0.110411
