2 0.897722 0.422944 0.086719 0.152156
2 0.666750 0.563011 0.090687 0.222689
2 0.591081 0.909728 0.088987 0.180544
2 0.355859 0.908922 0.135469 0.182156
2 0.099666 0.903494 0.134331 0.183389
1 0.779078 0.326633 0.072781 0.142689
8 0.502231 0.344950 0.061013 0.052478
0 0.504359 0.445011 0.071419 0.240622
2 0.277744 0.358967 0.086513 0.143644
2 0.978369 0.777900 0.043263 0.165667
6 0.498588 0.151183 0.989800 0.278500
14 0.111388 0.179672 0.222525 0.132922
2 0.928894 0.377600 0.084450 0.158200
2 0.803631 0.507589 0.202350 0.206578
