2 0.386766 0.203161 0.231344 0.084278
2 0.472178 0.103583 0.461356 0.118833
0 0.496912 0.471456 0.069100 0.210489
7 0.433238 0.493100 0.075087 0.067422
1 0.441162 0.621128 0.094125 0.197011
2 0.573987 0.797711 0.178875 0.152822
2 0.176094 0.501839 0.087225 0.073033
2 0.031066 0.201506 0.048619 0.393678
2 0.101847 0.195622 0.072219 0.316889
2 0.192350 0.123394 0.098300 0.153789
5 0.274384 0.551839 0.111881 0.143833
8 0.498847 0.342072 0.075844 0.064722
2 0.574791 0.937700 0.263956 0.124600
2 0.390381 0.022494 0.093750 0.037211
2 0.985772 0.467639 0.028456 0.090611
5 0.925119 0.430417 0.089200 0.145633
2 0.151191 0.939444 0.266531 0.110489
2 0.225987 0.798044 0.061100 0.149822
2 0.142234 0.826606 0.115881 0.085211
3 0.834406 0.879422 0.068263 0.111911
5 0.175147 0.577689 0.086594 0.089889
2 0.577519 0.510356 0.089200 0.110022
2 0.739988 0.197733 0.054613 0.395467
2 0.709950 0.363917 0.040050 0.085767
