4 0.223413 0.380728 0.065113 0.142411
1 0.117691 0.258578 0.065319 0.202267
2 0.382191 0.063350 0.176581 0.126700
2 0.599725 0.041506 0.109225 0.083011
2 0.831447 0.038283 0.211619 0.076567
4 0.763922 0.121628 0.094806 0.118611
2 0.767212 0.208633 0.076813 0.086622
2 0.640797 0.218778 0.039069 0.208356
2 0.775116 0.285889 0.222544 0.075689
2 0.901750 0.226189 0.047400 0.215378
2 0.822206 0.451089 0.149975 0.092333
2 0.771956 0.572294 0.447513 0.176411
0 0.502031 0.446306 0.078125 0.275078
2 0.528203 0.263589 0.048544 0.214400
2 0.469741 0.248906 0.059694 0.104567
2 0.488834 0.332789 0.123344 0.089733
5 0.356538 0.224556 0.153187 0.081156
5 0.302328 0.278394 0.115006 0.076478
5 0.180566 0.127089 0.077694 0.170111
5 0.189213 0.578911 0.076813 0.148267
5 0.053141 0.344411 0.062769 0.230200
5 0.012975 0.640167 0.022825 0.144356
5 0.173894 0.817222 0.079888 0.154511
2 0.259709 0.824250 0.074181 0.166989
2 0.087422 0.813717 0.078131 0.139678
5 0.342009 0.849611 0.079006 0.067889
5 0.465791 0.923744 0.246681 0.075689
5 0.554897 0.950361 0.071981 0.099278
2 0.593278 0.823700 0.092181 0.154511
2 0.427091 0.806850 0.077956 0.132033
2 0.430519 0.583044 0.086913 0.171356
2 0.273288 0.577428 0.075850 0.152633
2 0.108684 0.579767 0.071106 0.147956
2 0.760981 0.819644 0.087350 0.166222
2 0.825506 0.800528 0.034675 0.085833
5 0.872694 0.936700 0.129925 0.122511
2 0.963772 0.976106 0.037306 0.042144
5 0.744816 0.920906 0.047406 0.090833
5 0.130137 0.046322 0.033287 0.092644
5 0.018937 0.126467 0.033287 0.093644
5 0.213681 0.475739 0.037675 0.050722
5 0.105375 0.923117 0.125537 0.085056
