5 0.681137 0.315589 0.146525 0.064733
2 0.885741 0.433872 0.111044 0.085767
5 0.940081 0.778372 0.103763 0.401300
2 0.058100 0.229022 0.103763 0.095467
5 0.033600 0.419956 0.067200 0.134311
2 0.193719 0.525133 0.114687 0.140778
2 0.134103 0.444228 0.135619 0.101944
0 0.092688 0.416639 0.014562 0.001789
2 0.081312 0.336628 0.142900 0.110033
2 0.163228 0.618983 0.144719 0.056633
2 0.112713 0.531606 0.045512 0.124589
2 0.142750 0.934522 0.172937 0.085756
5 0.398056 0.863322 0.084650 0.101933
5 0.484528 0.775939 0.081006 0.241100
3 0.637441 0.229017 0.077369 0.118122
3 0.264712 0.269472 0.083737 0.144011
2 0.639716 0.390833 0.078281 0.085756
4 0.788531 0.765428 0.075550 0.187700
2 0.695694 0.762189 0.088287 0.184467
5 0.418994 0.193422 0.139262 0.131067
2 0.319325 0.205556 0.054612 0.135933
2 0.577366 0.140022 0.033681 0.260511
2 0.530037 0.269472 0.128338 0.037211
2 0.562347 0.343100 0.085556 0.132689
5 0.717081 0.389211 0.074638 0.076044
