2 0.089309 0.365372 0.150731 0.141744
2 0.218191 0.611872 0.200969 0.316700
0 0.500534 0.505083 0.068806 0.141944
6 0.973356 0.288672 0.053287 0.551456
5 0.479781 0.374111 0.156187 0.147578
2 0.601019 0.441083 0.132162 0.064056
2 0.648531 0.282844 0.030587 0.318444
5 0.688400 0.908089 0.095025 0.178644
5 0.563337 0.939483 0.080825 0.121033
2 0.475959 0.934306 0.093931 0.130100
2 0.111150 0.110033 0.080825 0.077667
5 0.079478 0.589644 0.087381 0.159222
2 0.172316 0.705178 0.050244 0.133978
2 0.228022 0.809939 0.157281 0.091456
2 0.781238 0.935600 0.099387 0.128800
2 0.721166 0.566244 0.070994 0.085622
5 0.799259 0.563333 0.085194 0.087578
5 0.761031 0.491583 0.152913 0.064078
2 0.520194 0.086733 0.068813 0.081556
5 0.444831 0.086728 0.077550 0.073789
5 0.485244 0.027833 0.147450 0.055667
3 0.324138 0.441100 0.063350 0.099022
2 0.382025 0.357606 0.052425 0.157278
2 0.638700 0.536244 0.087375 0.168933
3 0.707512 0.389639 0.083013 0.104856
14 0.112297 0.189100 0.224594 0.132822
