1 0.216991 0.429444 0.071294 0.172600
0 0.492325 0.451022 0.071300 0.253511
4 0.612166 0.546761 0.071294 0.148322
4 0.596388 0.856094 0.111500 0.149678
2 0.938091 0.871750 0.078881 0.256500
2 0.927328 0.498761 0.145344 0.324967
2 0.620281 0.249972 0.224512 0.145633
2 0.859206 0.138472 0.125913 0.276944
5 0.654038 0.107711 0.078125 0.138889
5 0.692719 0.036661 0.059925 0.073322
5 0.442412 0.058911 0.073575 0.117822
2 0.326744 0.068611 0.068262 0.125400
14 0.110278 0.177833 0.220556 0.144289
2 0.168059 0.691006 0.203156 0.357278
2 0.133106 0.384206 0.122325 0.085433
2 0.267997 0.251194 0.046969 0.145633
2 0.565631 0.272556 0.369175 0.184467
2 0.400050 0.704983 0.133250 0.155344
2 0.734272 0.595272 0.126694 0.398056
2 0.606481 0.722461 0.128888 0.104856
2 0.448544 0.933822 0.055525 0.114889
2 0.314744 0.961328 0.068263 0.076056
