0 0.505353 0.459628 0.081156 0.256211
16 0.403491 0.811700 0.036406 0.059333
16 0.341897 0.604583 0.065231 0.090344
1 0.178066 0.610656 0.086469 0.269689
7 0.446663 0.448150 0.064263 0.048700
1 0.483447 0.815861 0.091656 0.219122
1 0.447481 0.569772 0.067000 0.173056
2 0.764759 0.396117 0.133494 0.222500
2 0.861847 0.245089 0.121356 0.198222
2 0.951728 0.219472 0.076606 0.249456
2 0.889913 0.127106 0.185075 0.080900
2 0.512181 0.132494 0.242712 0.124056
5 0.509906 0.267344 0.238162 0.151022
2 0.263394 0.398139 0.142600 0.223833
2 0.126484 0.203961 0.169144 0.237322
2 0.959753 0.770606 0.080494 0.444989
5 0.868537 0.767367 0.101938 0.412622
5 0.509937 0.789217 0.249375 0.391589
5 0.142931 0.777883 0.075550 0.401300
2 0.041200 0.776483 0.082400 0.447033
