2 0.094000 0.581206 0.125750 0.165278
9 0.781456 0.810317 0.084475 0.142856
0 0.509475 0.437789 0.074175 0.186822
4 0.500722 0.575156 0.048419 0.065933
1 0.278125 0.486711 0.066775 0.149444
7 0.276634 0.357350 0.048294 0.066878
11 0.337444 0.576217 0.029213 0.046744
14 0.109541 0.170578 0.219081 0.112089
1 0.165503 0.062433 0.052469 0.104933
2 0.469512 0.683583 0.180975 0.165278
2 0.641694 0.752539 0.245613 0.165278
2 0.809187 0.825672 0.169250 0.165278
2 0.752775 0.457928 0.086975 0.165278
2 0.625838 0.146594 0.086975 0.165278
2 0.210950 0.278206 0.086975 0.215367
2 0.337888 0.041483 0.086975 0.082967
