2 0.551397 0.243689 0.116831 0.173111
0 0.505409 0.469361 0.075119 0.255167
1 0.518597 0.283044 0.063794 0.219400
2 0.338275 0.523667 0.081200 0.173111
2 0.746175 0.759433 0.090650 0.218911
2 0.886525 0.708294 0.216825 0.226522
2 0.968900 0.627200 0.062200 0.173111
2 0.986500 0.569200 0.027000 0.173111
2 0.839319 0.289544 0.081200 0.159356
2 0.155794 0.275094 0.081200 0.091300
14 0.112166 0.177528 0.220444 0.139744
5 0.335684 0.656317 0.167469 0.221767
5 0.583469 0.895406 0.092275 0.203544
5 0.601294 0.055361 0.077238 0.110722
5 0.907813 0.366700 0.111750 0.198667
5 0.552887 0.351056 0.122625 0.142400
5 0.045766 0.924911 0.049444 0.150178
0 0.505409 0.467850 0.075119 0.258189
