5 0.880597 0.640900 0.171706 0.158733
1 0.268531 0.040472 0.070113 0.080944
2 0.513234 0.024361 0.082269 0.048722
2 0.123441 0.018083 0.082269 0.036167
2 0.036950 0.159844 0.073900 0.162978
2 0.194103 0.208000 0.110544 0.162978
2 0.317750 0.411067 0.082275 0.162978
2 0.305972 0.809244 0.082269 0.381511
2 0.556806 0.939050 0.082275 0.121900
2 0.930116 0.785828 0.082269 0.213233
4 0.158756 0.277656 0.054087 0.111422
1 0.190525 0.400217 0.059238 0.137367
11 0.419303 0.487978 0.080731 0.062578
1 0.264784 0.297194 0.053231 0.178567
2 0.910109 0.358733 0.174156 0.162978
2 0.774653 0.308489 0.162319 0.162978
2 0.424928 0.205900 0.115269 0.162978
