14 0.109588 0.188994 0.219175 0.124056
5 0.526094 0.306378 0.125362 0.198511
2 0.670481 0.060289 0.113775 0.116867
2 0.326819 0.058689 0.225650 0.117378
2 0.308022 0.533833 0.248619 0.142333
2 0.724862 0.618200 0.203275 0.285867
2 0.567853 0.838000 0.141081 0.226533
5 0.301578 0.684194 0.233006 0.169900
2 0.050819 0.829017 0.097388 0.223300
5 0.110394 0.333344 0.111875 0.162933
2 0.330672 0.165267 0.213894 0.097089
2 0.761122 0.118050 0.070794 0.171922
2 0.671950 0.166744 0.104250 0.084000
2 0.027572 0.055706 0.051244 0.111411
2 0.982275 0.039400 0.035450 0.073156
9 0.783209 0.813183 0.068281 0.100256
5 0.989841 0.114306 0.019306 0.060967
