4 0.808344 0.449606 0.101663 0.110500
2 0.888713 0.233139 0.217350 0.341744
2 0.629928 0.342161 0.118831 0.119122
2 0.400797 0.305644 0.207956 0.315756
2 0.405128 0.055583 0.204794 0.111167
2 0.660891 0.028644 0.110131 0.051778
2 0.458919 0.946200 0.094663 0.107600
2 0.282344 0.947006 0.094663 0.105989
2 0.107587 0.947817 0.089200 0.104367
2 0.518303 0.643311 0.122619 0.201133
0 0.505344 0.433178 0.071425 0.212378
2 0.679166 0.575328 0.057519 0.213500
2 0.819172 0.640506 0.240194 0.074167
2 0.957912 0.577578 0.063838 0.220244
2 0.790837 0.942139 0.418325 0.115722
2 0.874075 0.827644 0.170662 0.083600
5 0.353428 0.601939 0.200244 0.155344
5 0.193234 0.926378 0.080094 0.140778
5 0.171391 0.445789 0.114681 0.237867
5 0.060209 0.199028 0.120419 0.171522
5 0.190959 0.072817 0.111956 0.135922
5 0.700669 0.127022 0.257588 0.140778
2 0.814684 0.556739 0.071294 0.094389
1 0.733978 0.316050 0.065231 0.203611
