2 0.314409 0.813672 0.136056 0.165278
2 0.565747 0.804639 0.134381 0.165278
2 0.660513 0.479700 0.086975 0.231489
2 0.760369 0.190839 0.086975 0.165278
2 0.561500 0.181817 0.163125 0.165278
2 0.336403 0.181817 0.142819 0.165278
1 0.112328 0.398778 0.071081 0.197800
4 0.572322 0.910683 0.078294 0.128211
4 0.979944 0.822772 0.040113 0.104389
4 0.490491 0.548711 0.057631 0.135133
0 0.492994 0.438156 0.063875 0.166667
2 0.125697 0.248033 0.086969 0.147267
2 0.947294 0.927194 0.105413 0.145611
2 0.228938 0.485722 0.086975 0.213444
2 0.135850 0.762517 0.086975 0.165278
