2 0.690672 0.283683 0.157769 0.084944
2 0.651609 0.087483 0.308706 0.169900
2 0.928456 0.063889 0.094813 0.122711
2 0.691809 0.397628 0.533219 0.156411
2 0.681181 0.608017 0.037313 0.088967
2 0.921063 0.604894 0.046525 0.090522
2 0.975494 0.794522 0.044775 0.095200
2 0.907237 0.968533 0.046088 0.062422
2 0.814400 0.776961 0.042138 0.077256
2 0.694044 0.917906 0.037925 0.081478
2 0.627147 0.884194 0.088494 0.173233
2 0.623197 0.628550 0.078481 0.171367
2 0.458331 0.631367 0.083750 0.154511
2 0.299519 0.616378 0.081113 0.141400
2 0.308734 0.402878 0.078481 0.160133
2 0.155984 0.393983 0.077431 0.149833
2 0.374316 0.115867 0.114831 0.159200
5 0.226303 0.092922 0.170656 0.141400
5 0.074603 0.030778 0.074794 0.061556
5 0.015178 0.115867 0.030356 0.082400
5 0.073287 0.379933 0.077425 0.181667
2 0.020088 0.404750 0.035287 0.156389
2 0.135453 0.627917 0.080906 0.147211
5 0.055178 0.622861 0.077119 0.141589
2 0.006731 0.614433 0.013462 0.131467
5 0.217613 0.657800 0.076812 0.081156
5 0.336125 0.725300 0.240100 0.067889
5 0.396922 0.823233 0.040381 0.129533
5 0.392313 0.965072 0.213763 0.069856
2 0.292669 0.862644 0.083838 0.149044
2 0.461666 0.865761 0.082081 0.144367
2 0.119947 0.879028 0.085156 0.167767
5 0.724800 0.746450 0.125362 0.152633
5 0.797494 0.894872 0.090600 0.207878
5 0.974209 0.653744 0.046881 0.094578
5 0.602784 0.721867 0.043456 0.080378
0 0.497306 0.446567 0.069350 0.230200
